 0.01     1    0.11688      11688
 0.01 1.08138   0.356077    35607.7
 0.01 1.16939   0.688393    68839.3
 0.01 1.26456    1.24028     124028
 0.01 1.36747    2.15863     215863
 0.01 1.47876    3.67974     367974
 0.01 1.5991    6.18699     618699
 0.01 1.72924    10.2988 1.02988e+06
 0.01 1.86997    16.9899 1.69899e+06
 0.01 2.02216    27.6981 2.76981e+06
 0.01 2.18672    44.1694 4.41694e+06
 0.01 2.36469    67.3042 6.73042e+06
 0.01 2.55713    94.0673 9.40673e+06
 0.01 2.76524    114.934 1.14934e+07
 0.01 2.99028    120.096 1.20096e+07
 0.01 3.23364    110.134 1.10134e+07
 0.01 3.4968    93.2536 9.32536e+06
 0.01 3.78138    76.0923 7.60923e+06
 0.01 4.08911    61.3525 6.13525e+06
 0.01 4.4219      49.47  4.947e+06
 0.01 4.78176     40.085 4.0085e+06
 0.01 5.17092    32.6889 3.26889e+06
 0.01 5.59174    26.8296 2.68296e+06
 0.01 6.04681    22.1508 2.21508e+06
 0.01 6.53891    18.3831 1.83831e+06
 0.01 7.07107    15.3247 1.53247e+06
 0.01 7.64653     12.824 1.2824e+06
 0.01 8.26882    10.7663 1.07663e+06
 0.01 8.94176     9.0637     906370
 0.01 9.66947    7.64821     764821
 0.01 10.4564    6.46657     646657
 0.01 11.3074     5.4767     547670
 0.01 12.2276    4.64498     464498
 0.01 13.2227    3.94435     394435
 0.01 14.2988    3.35287     335287
 0.01 15.4625    2.85258     285258
 0.01 16.7209    2.42876     242876
 0.01 18.0816    2.06923     206923
 0.01 19.5532    1.76388     176388
 0.01 21.1445    1.50429     150429
 0.01 22.8653    1.28341     128341
 0.01 24.7261    1.09533     109533
 0.01 26.7384   0.935084    93508.4
 0.01 28.9144   0.798478    79847.8
 0.01 31.2675   0.681973    68197.3
 0.01 33.8122   0.582571    58257.1
 0.01 36.5639   0.497734    49773.4
 0.01 39.5396   0.425308    42530.8
 0.01 42.7574   0.363461    36346.1
 0.01 46.2371   0.310637    31063.7
0.0114815     1   0.101395    8831.15
0.0114815 1.08138   0.308788    26894.3
0.0114815 1.16939   0.596767    51976.2
0.0114815 1.26456    1.07477      93609
0.0114815 1.36747    1.86976     162849
0.0114815 1.47876    3.18571     277464
0.0114815 1.5991    5.35276     466206
0.0114815 1.72924    8.89967     775129
0.0114815 1.86997    14.6437 1.27541e+06
0.0114815 2.02216    23.7256 2.06641e+06
0.0114815 2.18672    37.2979 3.24851e+06
0.0114815 2.36469    55.1771 4.80572e+06
0.0114815 2.55713    73.2916 6.38344e+06
0.0114815 2.76524    83.7877 7.2976e+06
0.0114815 2.99028    82.2665 7.16511e+06
0.0114815 3.23364     72.313 6.2982e+06
0.0114815 3.4968    59.8733 5.21475e+06
0.0114815 3.78138    48.3875 4.21437e+06
0.0114815 4.08911    38.8952 3.38763e+06
0.0114815 4.4219    31.3585 2.73121e+06
0.0114815 4.78176    25.4361 2.21539e+06
0.0114815 5.17092     20.772 1.80917e+06
0.0114815 5.59174    17.0728 1.48698e+06
0.0114815 6.04681    14.1136 1.22925e+06
0.0114815 6.53891    11.7262 1.02131e+06
0.0114815 7.07107    9.78469     852211
0.0114815 7.64653     8.1947     713728
0.0114815 8.26882    6.88453     599617
0.0114815 8.94176    5.79916     505086
0.0114815 9.66947    4.89588     426413
0.0114815 10.4564    4.14118     360682
0.0114815 11.3074    3.50848     305576
0.0114815 12.2276    2.97654     259246
0.0114815 13.2227     2.5282     220197
0.0114815 14.2988    2.14953     187216
0.0114815 15.4625    1.82913     159310
0.0114815 16.7209     1.5576     135662
0.0114815 18.0816     1.3272     115594
0.0114815 19.5532    1.13147    98547.3
0.0114815 21.1445   0.965044    84051.8
0.0114815 22.8653   0.823409    71715.9
0.0114815 24.7261   0.702789    61210.4
0.0114815 26.7384   0.600007    52258.4
0.0114815 28.9144   0.512377    44626.2
0.0114815 31.2675   0.437635    38116.4
0.0114815 33.8122   0.373861    32561.9
0.0114815 36.5639   0.319427    27820.9
0.0114815 39.5396   0.272954    23773.3
0.0114815 42.7574   0.233267    20316.7
0.0114815 46.2371   0.199369    17364.3
0.0131826     1  0.0880384     6678.4
0.0131826 1.08138   0.267939    20325.3
0.0131826 1.16939    0.51747    39254.1
0.0131826 1.26456   0.931157    70635.5
0.0131826 1.36747    1.61818     122751
0.0131826 1.47876    2.75348     208873
0.0131826 1.5991    4.61925     350406
0.0131826 1.72924    7.66504     581453
0.0131826 1.86997     12.578     954135
0.0131826 2.02216    20.2892 1.53909e+06
0.0131826 2.18672    31.6398 2.40012e+06
0.0131826 2.36469    46.1188 3.49847e+06
0.0131826 2.55713    59.8269 4.53833e+06
0.0131826 2.76524    66.4318 5.03937e+06
0.0131826 2.99028    63.5331 4.81948e+06
0.0131826 3.23364    54.8308 4.15935e+06
0.0131826 3.4968    44.8998  3.406e+06
0.0131826 3.78138    36.0552 2.73507e+06
0.0131826 4.08911    28.8712 2.1901e+06
0.0131826 4.4219    23.2189 1.76133e+06
0.0131826 4.78176    18.8005 1.42617e+06
0.0131826 5.17092    15.3325 1.16309e+06
0.0131826 5.59174    12.5884     954926
0.0131826 6.04681    10.3971     788704
0.0131826 6.53891     8.6318     654789
0.0131826 7.07107    7.19797     546022
0.0131826 7.64653    6.02496     457040
0.0131826 8.26882    5.05927     383785
0.0131826 8.94176    4.25991     323147
0.0131826 9.66947    3.59511     272717
0.0131826 10.4564       3.04     230608
0.0131826 11.3074    2.57488     195324
0.0131826 12.2276    2.18399     165673
0.0131826 13.2227    1.85468     140692
0.0131826 14.2988    1.57663     119599
0.0131826 15.4625    1.34143     101758
0.0131826 16.7209    1.14216    86641.8
0.0131826 18.0816   0.973111    73818.1
0.0131826 19.5532    0.82953    62926.3
0.0131826 21.1445   0.707459    53666.3
0.0131826 22.8653   0.603589    45786.9
0.0131826 24.7261   0.515142    39077.5
0.0131826 26.7384   0.439782    33360.8
0.0131826 28.9144   0.375538    28487.4
0.0131826 31.2675   0.320745      24331
0.0131826 33.8122   0.273997    20784.8
0.0131826 36.5639   0.234097    17758.1
0.0131826 39.5396   0.200034    15174.1
0.0131826 42.7574   0.170946    12967.6
0.0131826 46.2371   0.146102      11083
0.0151356     1  0.0764903    5053.67
0.0151356 1.08138   0.232578    15366.3
0.0151356 1.16939   0.448718    29646.5
0.0151356 1.26456   0.806369    53276.3
0.0151356 1.36747    1.39896    92428.4
0.0151356 1.47876    2.37558     156953
0.0151356 1.5991     3.9757     262672
0.0151356 1.72924    6.57941     434697
0.0151356 1.86997    10.7653     711254
0.0151356 2.02216    17.3121 1.1438e+06
0.0151356 2.18672    26.9043 1.77755e+06
0.0151356 2.36469    39.0366 2.57912e+06
0.0151356 2.55713    50.2886 3.32253e+06
0.0151356 2.76524    55.3028 3.65382e+06
0.0151356 2.99028    52.3208 3.4568e+06
0.0151356 3.23364     44.708 2.95383e+06
0.0151356 3.4968    36.3103  2.399e+06
0.0151356 3.78138    28.9654 1.91372e+06
0.0151356 4.08911    23.0701 1.52422e+06
0.0151356 4.4219    18.4721 1.22044e+06
0.0151356 4.78176    14.9024     984590
0.0151356 5.17092    12.1161     800506
0.0151356 5.59174    9.92188     655532
0.0151356 6.04681    8.17678     540235
0.0151356 6.53891    6.77576     447670
0.0151356 7.07107    5.64125     372714
0.0151356 7.64653    4.71554     311552
0.0151356 8.26882    3.95515     261314
0.0151356 8.94176    3.32696     219810
0.0151356 9.66947     2.8054     185351
0.0151356 10.4564    2.37052     156619
0.0151356 11.3074     2.0066     132575
0.0151356 12.2276    1.70109     112390
0.0151356 13.2227    1.44395    95400.5
0.0151356 14.2988      1.227    81067.3
0.0151356 15.4625    1.04362    68951.3
0.0151356 16.7209   0.888346    58692.4
0.0151356 18.0816   0.756683    49993.5
0.0151356 19.5532   0.644904    42608.4
0.0151356 21.1445   0.549907      36332
0.0151356 22.8653   0.469099    30993.1
0.0151356 24.7261   0.400309    26448.1
0.0151356 26.7384    0.34171    22576.6
0.0151356 28.9144   0.291766    19276.8
0.0151356 31.2675   0.249176    16462.9
0.0151356 33.8122   0.212844    14062.5
0.0151356 36.5639   0.181839      12014
0.0151356 39.5396   0.155372    10265.3
0.0151356 42.7574   0.132773    8772.25
0.0151356 46.2371   0.113473    7497.09
0.017378     1  0.0664876    3825.96
0.017378 1.08138   0.201911    11618.8
0.017378 1.16939   0.389009    22385.1
0.017378 1.26456    0.69779    40153.6
0.017378 1.36747    1.20777    69500.1
0.017378 1.47876    2.04513     117685
0.017378 1.5991    3.41161     196318
0.017378 1.72924    5.62661     323777
0.017378 1.86997     9.1774     528104
0.017378 2.02216    14.7278     847498
0.017378 2.18672    22.8889 1.31712e+06
0.017378 2.36469    33.3059 1.91655e+06
0.017378 2.55713    43.1002 2.48016e+06
0.017378 2.76524    47.5087 2.73384e+06
0.017378 2.99028    44.8218 2.57923e+06
0.017378 3.23364    38.0335 2.1886e+06
0.017378 3.4968    30.6252 1.76229e+06
0.017378 3.78138    24.2249  1.394e+06
0.017378 4.08911     19.149 1.10191e+06
0.017378 4.4219    15.2327     876552
0.017378 4.78176    12.2209     703241
0.017378 5.17092    9.88946     569079
0.017378 5.59174    8.06637     464171
0.017378 6.04681    6.62538     381251
0.017378 6.53891    5.47463     315032
0.017378 7.07107    4.54705     261656
0.017378 7.64653    3.79317     218274
0.017378 8.26882    3.17603     182761
0.017378 8.94176    2.66767     153508
0.017378 9.66947    2.24666     129282
0.017378 10.4564    1.89639     109126
0.017378 11.3074    1.60381    92289.5
0.017378 12.2276    1.35858    78178.4
0.017378 13.2227    1.15246      66317
0.017378 14.2988   0.978762    56321.9
0.017378 15.4625   0.832084    47881.4
0.017378 16.7209   0.707995    40740.9
0.017378 18.0816   0.602853    34690.6
0.017378 19.5532   0.513647    29557.3
0.017378 21.1445   0.437873      25197
0.017378 22.8653   0.373448    21489.7
0.017378 24.7261   0.318626      18335
0.017378 26.7384   0.271941    15648.6
0.017378 28.9144   0.232163    13359.6
0.017378 31.2675   0.198251    11408.2
0.017378 33.8122   0.169328    9743.79
0.017378 36.5639    0.14465    8323.71
0.017378 39.5396   0.123587    7111.67
0.017378 42.7574   0.105605    6076.91
0.017378 46.2371  0.0902488    5193.28
0.0199526     1  0.0578111    2897.42
0.0199526 1.08138   0.175277    8784.65
0.0199526 1.16939   0.337075    16893.8
0.0199526 1.26456    0.60318    30230.6
0.0199526 1.36747    1.04085    52165.9
0.0199526 1.47876    1.75604    88010.3
0.0199526 1.5991    2.91731     146212
0.0199526 1.72924    4.79131     240134
0.0199526 1.86997    7.78804     390326
0.0199526 2.02216    12.4812     625542
0.0199526 2.18672    19.4507     974844
0.0199526 2.36469    28.5485 1.43081e+06
0.0199526 2.55713    37.4328 1.87609e+06
0.0199526 2.76524    41.7065 2.09028e+06
0.0199526 2.99028    39.4064  1.975e+06
0.0199526 3.23364       33.2 1.66394e+06
0.0199526 3.4968    26.4376 1.32502e+06
0.0199526 3.78138    20.6717 1.03604e+06
0.0199526 4.08911    16.1693     810386
0.0199526 4.4219    12.7464     638833
0.0199526 4.78176    10.1483     508621
0.0199526 5.17092    8.15985     408961
0.0199526 5.59174    6.62008     331790
0.0199526 6.04681    5.41315     271300
0.0199526 6.53891    4.45617     223338
0.0199526 7.07107    3.68948     184912
0.0199526 7.64653     3.0696     153845
0.0199526 8.26882    2.56442     128526
0.0199526 8.94176    2.14987     107749
0.0199526 9.66947    1.80768    90598.6
0.0199526 10.4564    1.52377    76369.4
0.0199526 11.3074    1.28719    64512.1
0.0199526 12.2276     1.0893    54594.5
0.0199526 13.2227   0.923261    46272.7
0.0199526 14.2988   0.783552    39270.6
0.0199526 15.4625   0.665725    33365.3
0.0199526 16.7209   0.566153    28374.9
0.0199526 18.0816   0.481864    24150.4
0.0199526 19.5532   0.410406      20569
0.0199526 21.1445   0.349751    17529.1
0.0199526 22.8653    0.29821    14945.9
0.0199526 24.7261   0.254373    12748.8
0.0199526 26.7384   0.217059    10878.7
0.0199526 28.9144   0.185277    9285.86
0.0199526 31.2675   0.158191    7928.33
0.0199526 33.8122   0.135095     6770.8
0.0199526 36.5639   0.115394     5783.4
0.0199526 39.5396  0.0985822    4940.82
0.0199526 42.7574  0.0842317    4221.59
0.0199526 46.2371   0.071979    3607.49
0.0229087     1  0.0502767    2194.66
0.0229087 1.08138   0.152114    6640.02
0.0229087 1.16939    0.29184    12739.3
0.0229087 1.26456   0.520625    22726.1
0.0229087 1.36747   0.894918    39064.6
0.0229087 1.47876    1.50291    65604.3
0.0229087 1.5991    2.48415     108437
0.0229087 1.72924    4.05962     177209
0.0229087 1.86997     6.5736     286948
0.0229087 2.02216    10.5266     459502
0.0229087 2.18672    16.4864     719657
0.0229087 2.36469    24.5233 1.07048e+06
0.0229087 2.55713    32.8112 1.43226e+06
0.0229087 2.76524    37.1855 1.62321e+06
0.0229087 2.99028    35.2451 1.53851e+06
0.0229087 3.23364    29.3976 1.28325e+06
0.0229087 3.4968    23.0443 1.00592e+06
0.0229087 3.78138    17.7321     774036
0.0229087 4.08911    13.6748     596925
0.0229087 4.4219    10.6523     464988
0.0229087 4.78176    8.39801     366586
0.0229087 5.17092    6.69809     292382
0.0229087 5.59174    5.39807     235634
0.0229087 6.04681    4.38968     191616
0.0229087 6.53891    3.59716     157022
0.0229087 7.07107    2.96695     129512
0.0229087 7.64653    2.46062     107410
0.0229087 8.26882    2.05018    89493.8
0.0229087 8.94176    1.71491    74858.6
0.0229087 9.66947    1.43922    62824.4
0.0229087 10.4564    1.21125    52872.8
0.0229087 11.3074     1.0218    44603.3
0.0229087 12.2276   0.863728    37703.1
0.0229087 13.2227   0.731358      31925
0.0229087 14.2988   0.620176    27071.7
0.0229087 15.4625   0.526547    22984.6
0.0229087 16.7209   0.447524    19535.1
0.0229087 18.0816   0.380702    16618.3
0.0229087 19.5532   0.324106    14147.7
0.0229087 21.1445   0.276103    12052.3
0.0229087 22.8653   0.235341      10273
0.0229087 24.7261   0.200692     8760.5
0.0229087 26.7384   0.171213    7473.73
0.0229087 28.9144   0.146115    6378.16
0.0229087 31.2675   0.124733    5444.81
0.0229087 33.8122   0.106507    4649.21
0.0229087 36.5639  0.0909638    3970.72
0.0229087 39.5396  0.0777032    3391.87
0.0229087 42.7574  0.0663861    2897.86
0.0229087 46.2371  0.0567249    2476.13
0.0263027     1  0.0437282     1662.5
0.0263027 1.08138   0.131947    5016.47
0.0263027 1.16939   0.252384    9595.36
0.0263027 1.26456   0.448479    17050.7
0.0263027 1.36747   0.767171      29167
0.0263027 1.47876    1.28108    48705.2
0.0263027 1.5991    2.10453    80012.2
0.0263027 1.72924    3.41922     129995
0.0263027 1.86997    5.51344     209615
0.0263027 2.02216    8.82621     335563
0.0263027 2.18672    13.9192     529193
0.0263027 2.36469    21.0698     801052
0.0263027 2.55713    28.9445 1.10044e+06
0.0263027 2.76524    33.5316 1.27484e+06
0.0263027 2.99028    31.8507 1.21093e+06
0.0263027 3.23364    26.1455     994024
0.0263027 3.4968    20.0381     761828
0.0263027 3.78138    15.0899     573702
0.0263027 4.08911    11.4272     434452
0.0263027 4.4219    8.77132     333476
0.0263027 4.78176    6.83393     259819
0.0263027 5.17092    5.39915     205270
0.0263027 5.59174      4.318     164166
0.0263027 6.04681    3.48952     132668
0.0263027 6.53891    2.84493     108161
0.0263027 7.07107    2.33663    88836.1
0.0263027 7.64653     1.9311    73418.5
0.0263027 8.26882    1.60431    60994.2
0.0263027 8.94176    1.33869    50895.6
0.0263027 9.66947    1.12119    42626.5
0.0263027 10.4564    0.94197    35812.7
0.0263027 11.3074   0.793493    30167.8
0.0263027 12.2276   0.669918    25469.6
0.0263027 13.2227   0.566663    21543.9
0.0263027 14.2988   0.480096    18252.7
0.0263027 15.4625   0.407311    15485.5
0.0263027 16.7209   0.345964    13153.2
0.0263027 18.0816   0.294148    11183.2
0.0263027 19.5532   0.250304    9516.29
0.0263027 21.1445   0.213148    8103.68
0.0263027 22.8653    0.18162       6905
0.0263027 24.7261   0.154836    5886.71
0.0263027 26.7384   0.132061    5020.83
0.0263027 28.9144   0.112679    4283.95
0.0263027 31.2675  0.0961733    3656.41
0.0263027 33.8122   0.082108    3121.66
0.0263027 36.5639  0.0701164    2665.75
0.0263027 39.5396  0.0598883    2276.89
0.0263027 42.7574  0.0511611    1945.09
0.0263027 46.2371  0.0437121    1661.89
0.0301995     1  0.0380323    1259.37
0.0301995 1.08138   0.114367    3787.03
0.0301995 1.16939   0.217918    7215.95
0.0301995 1.26456   0.385332    12759.5
0.0301995 1.36747    0.65519    21695.4
0.0301995 1.47876    1.08653    35978.5
0.0301995 1.5991    1.77193    58674.3
0.0301995 1.72924    2.85949    94686.7
0.0301995 1.86997    4.58983     151984
0.0301995 2.02216    7.34888     243344
0.0301995 2.18672    11.6909     387123
0.0301995 2.36469    18.0778     598614
0.0301995 2.55713    25.6461     849222
0.0301995 2.76524    30.4819 1.00935e+06
0.0301995 2.99028    28.8938     956765
0.0301995 3.23364      23.12     765575
0.0301995 3.4968    17.1724     568632
0.0301995 3.78138    12.5803     416573
0.0301995 4.08911    9.32086     308643
0.0301995 4.4219    7.03473     232942
0.0301995 4.78176    5.40979     179135
0.0301995 5.17092    4.23059     140088
0.0301995 5.59174     3.3562     111134
0.0301995 6.04681    2.69478    89232.6
0.0301995 6.53891    2.18554    72369.9
0.0301995 7.07107    1.78741    59186.6
0.0301995 7.64653    1.47203    48743.6
0.0301995 8.26882    1.21939    40377.9
0.0301995 8.94176    1.01505    33611.6
0.0301995 9.66947   0.848431    28094.2
0.0301995 10.4564   0.711613    23563.7
0.0301995 11.3074   0.598598    19821.5
0.0301995 12.2276   0.504774    16714.6
0.0301995 13.2227   0.426543    14124.2
0.0301995 14.2988   0.361075    11956.3
0.0301995 15.4625   0.306113    10136.4
0.0301995 16.7209   0.259849    8604.41
0.0301995 18.0816   0.220816    7311.91
0.0301995 19.5532    0.18782    6219.29
0.0301995 21.1445   0.159879     5294.1
0.0301995 22.8653   0.136187    4509.57
0.0301995 24.7261   0.116071    3843.49
0.0301995 26.7384  0.0989755    3277.39
0.0301995 28.9144  0.0844326    2795.83
0.0301995 31.2675  0.0720521    2385.87
0.0301995 33.8122  0.0615057    2036.64
0.0301995 36.5639  0.0525165    1738.98
0.0301995 39.5396   0.044851    1485.16
0.0301995 42.7574  0.0383117    1268.62
0.0301995 46.2371   0.032731    1083.83
0.0346737     1  0.0330751    953.897
0.0346737 1.08138   0.099024    2855.88
0.0346737 1.16939   0.187766    5415.24
0.0346737 1.26456   0.329973    9516.52
0.0346737 1.36747   0.556908    16061.4
0.0346737 1.47876   0.915861    26413.7
0.0346737 1.5991    1.48081      42707
0.0346737 1.72924    2.37141    68392.2
0.0346737 1.86997    3.78774     109240
0.0346737 2.02216    6.06884     175027
0.0346737 2.18672    9.75656     281382
0.0346737 2.36469    15.4693     446139
0.0346737 2.55713    22.7916     657317
0.0346737 2.76524    27.8548     803343
0.0346737 2.99028     26.121     753338
0.0346737 3.23364    20.0995     579676
0.0346737 3.4968    14.3273     413204
0.0346737 3.78138    10.1588     292983
0.0346737 4.08911    7.34779     211913
0.0346737 4.4219    5.44868     157142
0.0346737 4.78176    4.13549     119269
0.0346737 5.17092      3.202    92346.6
0.0346737 5.59174     2.5207    72697.9
0.0346737 6.04681     2.0117    58018.2
0.0346737 6.53891    1.62367    46827.2
0.0346737 7.07107    1.32273    38147.9
0.0346737 7.64653    1.08589    31317.4
0.0346737 8.26882   0.897179    25874.9
0.0346737 8.94176    0.74523    21492.7
0.0346737 9.66947   0.621787    17932.5
0.0346737 10.4564    0.52074    15018.3
0.0346737 11.3074   0.437492    12617.4
0.0346737 12.2276   0.368533    10628.6
0.0346737 13.2227   0.311142    8973.44
0.0346737 14.2988    0.26319    7590.47
0.0346737 15.4625   0.222987    6431.02
0.0346737 16.7209   0.189185    5456.16
0.0346737 18.0816   0.160694    4634.46
0.0346737 19.5532   0.136629    3940.42
0.0346737 21.1445   0.116266    3353.14
0.0346737 22.8653  0.0990088    2855.44
0.0346737 24.7261  0.0843648    2433.11
0.0346737 26.7384  0.0719243    2074.32
0.0346737 28.9144  0.0613456    1769.23
0.0346737 31.2675  0.0523427    1509.58
0.0346737 33.8122  0.0446756    1288.46
0.0346737 36.5639  0.0381421    1100.03
0.0346737 39.5396  0.0325718     939.38
0.0346737 42.7574  0.0278206    802.354
0.0346737 46.2371  0.0237665    685.434
0.0398107     1  0.0287583    722.375
0.0398107 1.08138  0.0856172    2150.61
0.0398107 1.16939   0.161346    4052.83
0.0398107 1.26456   0.281369    7067.67
0.0398107 1.36747   0.470584    11820.5
0.0398107 1.47876   0.766213    19246.4
0.0398107 1.5991    1.22656    30809.7
0.0398107 1.72924    1.94745    48917.7
0.0398107 1.86997    3.09457      77732
0.0398107 2.02216    4.96475     124709
0.0398107 2.18672    8.08085     202982
0.0398107 2.36469    13.1877     331260
0.0398107 2.55713    20.2963     509819
0.0398107 2.76524    25.5117     640825
0.0398107 2.99028    23.3229     585844
0.0398107 3.23364    16.9697     426259
0.0398107 3.4968    11.5098     289113
0.0398107 3.78138    7.87935     197920
0.0398107 4.08911     5.5646     139776
0.0398107 4.4219     4.0587     101950
0.0398107 4.78176     3.0443    76469.5
0.0398107 5.17092    2.33667    58694.6
0.0398107 5.59174    1.82741    45902.4
0.0398107 6.04681    1.45098    36447.1
0.0398107 6.53891    1.16642    29299.1
0.0398107 7.07107   0.947184    23792.2
0.0398107 7.64653   0.775579    19481.7
0.0398107 8.26882   0.639446    16062.2
0.0398107 8.94176   0.530228    13318.7
0.0398107 9.66947   0.441766    11096.7
0.0398107 10.4564   0.369534    9282.29
0.0398107 11.3074   0.310151    7790.64
0.0398107 12.2276   0.261046    6557.19
0.0398107 13.2227    0.22024    5532.19
0.0398107 14.2988   0.186188    4676.83
0.0398107 15.4625   0.157669    3960.47
0.0398107 16.7209   0.133712     3358.7
0.0398107 18.0816   0.113535    2851.86
0.0398107 19.5532  0.0965029    2424.04
0.0398107 21.1445  0.0820991    2062.24
0.0398107 22.8653   0.069898    1755.76
0.0398107 24.7261  0.0595486    1495.79
0.0398107 26.7384  0.0507595    1275.02
0.0398107 28.9144  0.0432879    1087.34
0.0398107 31.2675  0.0369309    927.661
0.0398107 33.8122  0.0315181      791.7
0.0398107 36.5639  0.0269066    675.863
0.0398107 39.5396  0.0229755    577.118
0.0398107 42.7574  0.0196229    492.904
0.0398107 46.2371  0.0167625    421.056
0.0457088     1   0.024997    546.874
0.0457088 1.08138   0.073886    1616.45
0.0457088 1.16939   0.138159    3022.58
0.0457088 1.26456   0.238646    5221.01
0.0457088 1.36747   0.394765    8636.52
0.0457088 1.47876   0.635255    13897.9
0.0457088 1.5991    1.00542    21996.2
0.0457088 1.72924     1.5814    34597.2
0.0457088 1.86997    2.49974    54688.3
0.0457088 2.02216    4.01884    87922.7
0.0457088 2.18672    6.63564     145172
0.0457088 2.36469    11.1914     244842
0.0457088 2.55713    18.1016     396019
0.0457088 2.76524    23.3332     510475
0.0457088 2.99028    20.3414     445021
0.0457088 3.23364    13.7523     300867
0.0457088 3.4968    8.83619     193315
0.0457088 3.78138    5.84851     127951
0.0457088 4.08911    4.04425    88478.6
0.0457088 4.4219    2.90941    63651.1
0.0457088 4.78176    2.16171    47293.1
0.0457088 5.17092    1.64803      36055
0.0457088 5.59174     1.2824    28055.8
0.0457088 6.04681    1.01436    22191.8
0.0457088 6.53891   0.813009    17786.7
0.0457088 7.07107   0.658655    14409.8
0.0457088 7.64653   0.538312      11777
0.0457088 8.26882   0.443151    9695.08
0.0457088 8.94176   0.367004    8029.17
0.0457088 9.66947   0.305461    6682.76
0.0457088 10.4564     0.2553    5585.36
0.0457088 11.3074   0.214123     4684.5
0.0457088 12.2276   0.180116    3940.51
0.0457088 13.2227   0.151886     3322.9
0.0457088 14.2988   0.128349    2807.96
0.0457088 15.4625   0.108651    2377.03
0.0457088 16.7209  0.0921149    2015.25
0.0457088 18.0816   0.078195    1710.72
0.0457088 19.5532  0.0664505    1453.78
0.0457088 21.1445  0.0565221    1236.57
0.0457088 22.8653  0.0481147    1052.64
0.0457088 24.7261  0.0409853    896.661
0.0457088 26.7384  0.0349322    764.233
0.0457088 28.9144  0.0297875    651.679
0.0457088 31.2675   0.025411    555.932
0.0457088 33.8122  0.0216852     474.42
0.0457088 36.5639  0.0185113    404.982
0.0457088 39.5396  0.0158059    345.796
0.0457088 42.7574  0.0134989    295.325
0.0457088 46.2371  0.0115308    252.267
0.0524807     1  0.0217179    413.826
0.0524807 1.08138  0.0636061    1211.99
0.0524807 1.16939   0.117779    2244.23
0.0524807 1.26456   0.201074    3831.38
0.0524807 1.36747   0.328269    6255.04
0.0524807 1.47876   0.521111    9929.56
0.0524807 1.5991   0.814355    15517.2
0.0524807 1.72924    1.26808    24162.7
0.0524807 1.86997    1.99422    37999.1
0.0524807 2.02216    3.21592    61278.1
0.0524807 2.18672    5.39797     102856
0.0524807 2.36469     9.4496     180058
0.0524807 2.55713    16.1671     308058
0.0524807 2.76524    21.2043     404039
0.0524807 2.99028    17.1113     326049
0.0524807 3.23364    10.6065     202103
0.0524807 3.4968    6.46839     123253
0.0524807 3.78138    4.16101    79286.4
0.0524807 4.08911    2.83069    53937.7
0.0524807 4.4219    2.01596    38413.3
0.0524807 4.78176    1.48796    28352.4
0.0524807 5.17092    1.12916    21515.7
0.0524807 5.59174   0.875719    16686.5
0.0524807 6.04681   0.690957    13165.9
0.0524807 6.53891   0.552745    10532.3
0.0524807 7.07107   0.447135    8519.97
0.0524807 7.64653   0.365005    6955.03
0.0524807 8.26882   0.300194    5720.08
0.0524807 8.94176   0.248419    4733.53
0.0524807 9.66947   0.206631    3937.27
0.0524807 10.4564   0.172609    3288.99
0.0524807 11.3074   0.144706    2757.32
0.0524807 12.2276    0.12168    2318.56
0.0524807 13.2227   0.102577    1954.57
0.0524807 14.2988  0.0866594    1651.26
0.0524807 15.4625  0.0733443    1397.55
0.0524807 16.7209  0.0621704    1184.63
0.0524807 18.0816  0.0527675    1005.46
0.0524807 19.5532  0.0448363    854.338
0.0524807 21.1445  0.0381331    726.611
0.0524807 22.8653   0.032458    618.474
0.0524807 24.7261  0.0276463     526.79
0.0524807 26.7384  0.0235617    448.958
0.0524807 28.9144  0.0200904    382.815
0.0524807 31.2675  0.0171378    326.555
0.0524807 33.8122  0.0146244    278.663
0.0524807 36.5639  0.0124835    237.868
0.0524807 39.5396  0.0106588    203.099
0.0524807 42.7574 0.00910282    173.451
0.0524807 46.2371 0.00777549    148.159
0.060256     1  0.0188575    312.956
0.060256 1.08138  0.0545843    905.874
0.060256 1.16939  0.0998474    1657.05
0.060256 1.26456   0.168053    2788.99
0.060256 1.36747   0.270151     4483.4
0.060256 1.47876   0.422285    7008.19
0.060256 1.5991    0.65086    10801.6
0.060256 1.72924    1.00302    16645.9
0.060256 1.86997    1.56997      26055
0.060256 2.02216    2.54252    42195.3
0.060256 2.18672    4.34844    72166.1
0.060256 2.36469    7.93893     131753
0.060256 2.55713    14.4658     240072
0.060256 2.76524    19.0051     315406
0.060256 2.99028    13.7108     227542
0.060256 3.23364    7.76092     128799
0.060256 3.4968    4.52938      75169
0.060256 3.78138    2.85332    47353.3
0.060256 4.08911       1.92      31864
0.060256 4.4219    1.35882    22550.8
0.060256 4.78176   0.999013    16579.5
0.060256 5.17092   0.756147    12548.9
0.060256 5.59174   0.585361    9714.58
0.060256 6.04681   0.461249    7654.83
0.060256 6.53891   0.368619    6117.55
0.060256 7.07107   0.297962    4944.93
0.060256 7.64653   0.243087    4034.25
0.060256 8.26882    0.19983    3316.35
0.060256 8.94176   0.165302    2743.33
0.060256 9.66947   0.137453    2281.15
0.060256 10.4564   0.114792    1905.07
0.060256 11.3074  0.0962154    1596.78
0.060256 12.2276  0.0808912    1342.46
0.060256 13.2227  0.0681824    1131.55
0.060256 14.2988  0.0575948    955.836
0.060256 15.4625  0.0487405    808.891
0.060256 16.7209  0.0413115    685.599
0.060256 18.0816  0.0350608    581.865
0.060256 19.5532  0.0297892    494.378
0.060256 21.1445  0.0253343    420.445
0.060256 22.8653   0.021563    357.857
0.060256 24.7261  0.0183658    304.796
0.060256 26.7384  0.0156518    259.755
0.060256 28.9144  0.0133455    221.481
0.060256 31.2675   0.011384    188.927
0.060256 33.8122 0.00971422    161.216
0.060256 36.5639 0.00829198    137.613
0.060256 39.5396 0.00707983    117.496
0.060256 42.7574 0.00604625    100.343
0.060256 46.2371 0.00516456    85.7104
0.0691831     1  0.0163606    236.482
0.0691831 1.08138  0.0466555    674.377
0.0691831 1.16939   0.084067    1215.14
0.0691831 1.26456   0.139107    2010.71
0.0691831 1.36747   0.219672    3175.22
0.0691831 1.47876   0.337574    4879.43
0.0691831 1.5991   0.512764    7411.69
0.0691831 1.72924   0.782089    11304.6
0.0691831 1.86997    1.21936    17625.2
0.0691831 2.02216    1.98603    28706.8
0.0691831 2.18672    3.46988    50155.1
0.0691831 2.36469    6.64197    96005.6
0.0691831 2.55713      12.98     187619
0.0691831 2.76524    16.6154     240165
0.0691831 2.99028    10.3657     149831
0.0691831 3.23364    5.40181    78079.9
0.0691831 3.4968    3.05389    44142.2
0.0691831 3.78138    1.89924    27452.4
0.0691831 4.08911    1.27056    18365.2
0.0691831 4.4219    0.89656    12959.2
0.0691831 4.78176   0.658091    9512.31
0.0691831 5.17092   0.497631    7192.96
0.0691831 5.59174   0.385006    5565.02
0.0691831 6.04681   0.303256    4383.39
0.0691831 6.53891   0.242291    3502.17
0.0691831 7.07107   0.195812    2830.35
0.0691831 7.64653   0.159729    2308.79
0.0691831 8.26882   0.131292    1897.75
0.0691831 8.94176   0.108599    1569.73
0.0691831 9.66947  0.0902977     1305.2
0.0691831 10.4564  0.0754077    1089.97
0.0691831 11.3074  0.0632025    913.554
0.0691831 12.2276  0.0531348    768.032
0.0691831 13.2227  0.0447858    647.352
0.0691831 14.2988  0.0378307     546.82
0.0691831 15.4625  0.0320144    462.748
0.0691831 16.7209  0.0271344    392.211
0.0691831 18.0816  0.0230286    332.865
0.0691831 19.5532   0.019566    282.814
0.0691831 21.1445  0.0166398    240.519
0.0691831 22.8653  0.0141627    204.714
0.0691831 24.7261  0.0120627    174.359
0.0691831 26.7384  0.0102801    148.593
0.0691831 28.9144 0.00876533    126.698
0.0691831 31.2675 0.00747694    108.075
0.0691831 33.8122 0.00638025    92.2227
0.0691831 36.5639 0.00544612    78.7203
0.0691831 39.5396 0.00464998    67.2127
0.0691831 42.7574 0.00397113    57.4003
0.0691831 46.2371 0.00339204    49.0299
0.0794328     1  0.0141793    178.507
0.0794328 1.08138    0.03968    499.541
0.0794328 1.16939  0.0701959    883.713
0.0794328 1.26456    0.11386    1433.41
0.0794328 1.36747   0.176245    2218.79
0.0794328 1.47876   0.265941    3347.99
0.0794328 1.5991   0.398018    5010.75
0.0794328 1.72924   0.601198    7568.64
0.0794328 1.86997   0.934815    11768.6
0.0794328 2.02216    1.53412    19313.4
0.0794328 2.18672     2.7463    34573.8
0.0794328 2.36469     5.5458    69817.4
0.0794328 2.55713    11.6986     147276
0.0794328 2.76524    13.9432     175534
0.0794328 2.99028    7.36384    92705.2
0.0794328 3.23364    3.59896    45308.3
0.0794328 3.4968    1.99704    25141.3
0.0794328 3.78138    1.23505    15548.3
0.0794328 4.08911   0.824908      10385
0.0794328 4.4219   0.581937    7326.16
0.0794328 4.78176   0.427234    5378.56
0.0794328 5.17092    0.32317    4068.46
0.0794328 5.59174   0.250117    3148.78
0.0794328 6.04681   0.197074    2481.01
0.0794328 6.53891   0.157501    1982.82
0.0794328 7.07107    0.12732    1602.87
0.0794328 7.64653   0.103881    1307.79
0.0794328 8.26882   0.085403    1075.16
0.0794328 8.94176  0.0706527    889.464
0.0794328 9.66947  0.0587542    739.671
0.0794328 10.4564  0.0490713    617.772
0.0794328 11.3074  0.0411329    517.833
0.0794328 12.2276  0.0345836    435.382
0.0794328 13.2227  0.0291517    366.998
0.0794328 14.2988   0.024626    310.023
0.0794328 15.4625  0.0208409    262.371
0.0794328 16.7209  0.0176649    222.388
0.0794328 18.0816  0.0149925    188.745
0.0794328 19.5532  0.0127386     160.37
0.0794328 21.1445  0.0108338     136.39
0.0794328 22.8653 0.00922125    116.089
0.0794328 24.7261  0.0078541    98.8773
0.0794328 26.7384 0.00669356    84.2669
0.0794328 28.9144 0.00570734    71.8511
0.0794328 31.2675  0.0048685    61.2907
0.0794328 33.8122 0.00415445    52.3014
0.0794328 36.5639 0.00354622    44.6443
0.0794328 39.5396 0.00302785    38.1183
0.0794328 42.7574 0.00258583    32.5536
0.0794328 46.2371 0.00220876    27.8067
0.0912011     1  0.0122722    134.562
0.0912011 1.08138  0.0335415    367.775
0.0912011 1.16939  0.0580436    636.436
0.0912011 1.26456  0.0920246    1009.03
0.0912011 1.36747   0.139383     1528.3
0.0912011 1.47876     0.2064    2263.13
0.0912011 1.5991   0.304511    3338.89
0.0912011 1.72924    0.45607    5000.71
0.0912011 1.86997   0.708522    7768.79
0.0912011 2.02216     1.1744    12877.1
0.0912011 2.18672    2.16225    23708.7
0.0912011 2.36469    4.64184    50896.8
0.0912011 2.55713     10.609     116325
0.0912011 2.76524    10.9907     120511
0.0912011 2.99028      4.921    53957.7
0.0912011 3.23364    2.31069    25336.2
0.0912011 3.4968    1.27373    13966.2
0.0912011 3.78138   0.788057    8640.88
0.0912011 4.08911   0.527302    5781.75
0.0912011 4.4219   0.372677    4086.32
0.0912011 4.78176   0.274044    3004.84
0.0912011 5.17092    0.20757    2275.96
0.0912011 5.59174   0.160825    1763.41
0.0912011 6.04681   0.126831    1390.68
0.0912011 6.53891   0.101438    1112.24
0.0912011 7.07107  0.0820493    899.653
0.0912011 7.64653  0.0669778    734.397
0.0912011 8.26882  0.0550867    604.014
0.0912011 8.94176  0.0455882    499.864
0.0912011 9.66947  0.0379217    415.803
0.0912011 10.4564  0.0316798    347.362
0.0912011 11.3074  0.0265602    291.227
0.0912011 12.2276  0.0223351    244.899
0.0912011 13.2227  0.0188297    206.464
0.0912011 14.2988  0.0159084    174.432
0.0912011 15.4625  0.0134647    147.637
0.0912011 16.7209  0.0114137    125.149
0.0912011 18.0816 0.00968779    106.225
0.0912011 19.5532  0.0082319     90.261
0.0912011 21.1445 0.00700137    76.7685
0.0912011 22.8653 0.00595953    65.3449
0.0912011 24.7261 0.00507616     55.659
0.0912011 26.7384 0.00432624    47.4363
0.0912011 28.9144 0.00368892    40.4482
0.0912011 31.2675 0.00314682    34.5042
0.0912011 33.8122 0.00268534    29.4442
0.0912011 36.5639 0.00229224    25.1339
0.0912011 39.5396  0.0019572    21.4602
0.0912011 42.7574  0.0016715    18.3276
0.0912011 46.2371 0.00142777    15.6552
0.104713     1  0.0106035    101.263
0.104713 1.08138  0.0281458    268.791
0.104713 1.16939  0.0474651    453.288
0.104713 1.26456  0.0733722    700.699
0.104713 1.36747   0.108632    1037.42
0.104713 1.47876   0.157918     1508.1
0.104713 1.5991   0.229972    2196.22
0.104713 1.72924   0.342212     3268.1
0.104713 1.86997   0.532537    5085.69
0.104713 2.02216   0.894565    8543.03
0.104713 2.18672    1.70301    16263.6
0.104713 2.36469    3.92756    37507.9
0.104713 2.55713    9.67581    92403.3
0.104713 2.76524    7.93285    75758.1
0.104713 2.99028    3.10419    29644.7
0.104713 3.23364    1.43581    13711.8
0.104713 3.4968   0.794417    7586.63
0.104713 3.78138    0.49417    4719.28
0.104713 4.08911   0.332183    3172.32
0.104713 4.4219   0.235626    2250.21
0.104713 4.78176   0.173754    1659.34
0.104713 5.17092   0.131897    1259.61
0.104713 5.59174   0.102371    977.639
0.104713 6.04681  0.0808455    772.068
0.104713 6.53891  0.0647315    618.181
0.104713 7.07107  0.0524067     500.48
0.104713 7.64653  0.0428122    408.853
0.104713 8.26882  0.0352331    336.474
0.104713 8.94176  0.0291728    278.599
0.104713 9.66947  0.0242772    231.846
0.104713 10.4564  0.0202884    193.753
0.104713 11.3074  0.0170149    162.491
0.104713 12.2276  0.0143118    136.677
0.104713 13.2227  0.0120682     115.25
0.104713 14.2988  0.0101977    97.3877
0.104713 15.4625 0.00863254    82.4401
0.104713 16.7209 0.00731859     69.892
0.104713 18.0816 0.00621258    59.3296
0.104713 19.5532 0.00527944    50.4182
0.104713 21.1445  0.0044906    42.8849
0.104713 22.8653 0.00382264    36.5059
0.104713 24.7261  0.0032562    31.0965
0.104713 26.7384 0.00277529    26.5038
0.104713 28.9144 0.00236655    22.6003
0.104713 31.2675 0.00201884    19.2798
0.104713 33.8122 0.00172283    16.4529
0.104713 36.5639 0.00147067    14.0448
0.104713 39.5396 0.00125574    11.9922
0.104713 42.7574 0.00107245    10.2419
0.104713 46.2371 0.000916094    8.74863
0.120226     1  0.0091425     76.044
0.120226 1.08138  0.0234202    194.801
0.120226 1.16939  0.0383521    318.999
0.120226 1.26456  0.0577057    479.975
0.120226 1.36747  0.0835208    694.696
0.120226 1.47876   0.119363    992.814
0.120226 1.5991   0.171987    1430.52
0.120226 1.72924   0.255053    2121.44
0.120226 1.86997   0.399084    3319.44
0.120226 2.02216   0.682911    5680.21
0.120226 2.18672    1.35575    11276.6
0.120226 2.36469    3.41304    28388.4
0.120226 2.55713    8.76327    72889.7
0.120226 2.76524    5.11392    42535.7
0.120226 2.99028    1.85096    15395.6
0.120226 3.23364    0.86324    7180.12
0.120226 3.4968   0.483779     4023.9
0.120226 3.78138   0.303938    2528.04
0.120226 4.08911   0.205797    1711.74
0.120226 4.4219   0.146761    1220.71
0.120226 4.78176   0.108661    903.802
0.120226 5.17092  0.0827404    688.205
0.120226 5.59174   0.064374    535.439
0.120226 6.04681  0.0509354    423.662
0.120226 6.53891  0.0408458    339.741
0.120226 7.07107  0.0331101    275.397
0.120226 7.64653  0.0270759    225.208
0.120226 8.26882  0.0223014    185.495
0.120226 8.94176  0.0184783    153.695
0.120226 9.66947  0.0153863    127.977
0.120226 10.4564  0.0128645    107.002
0.120226 11.3074  0.0107932    89.7736
0.120226 12.2276  0.0090816    75.5375
0.120226 13.2227 0.00766012    63.7141
0.120226 14.2988 0.00647445    53.8521
0.120226 15.4625 0.00548184     45.596
0.120226 16.7209 0.00464827    38.6626
0.120226 18.0816 0.00394639    32.8246
0.120226 19.5532 0.00335406    27.8978
0.120226 21.1445 0.00285321     23.732
0.120226 22.8653 0.00242902    20.2037
0.120226 24.7261 0.00206926    17.2113
0.120226 26.7384 0.00176376    14.6703
0.120226 28.9144 0.00150408    12.5104
0.120226 31.2675 0.00128316    10.6728
0.120226 33.8122 0.00109506    9.10832
0.120226 36.5639 0.000934815    7.77545
0.120226 39.5396 0.00079822     6.6393
0.120226 42.7574 0.000681731    5.67039
0.120226 46.2371 0.000582349    4.84377
0.138038     1 0.00786354    56.9663
0.138038 1.08138  0.0193127    139.908
0.138038 1.16939  0.0306257    221.864
0.138038 1.26456  0.0448373    324.818
0.138038 1.36747  0.0635406    460.311
0.138038 1.47876  0.0895325    648.606
0.138038 1.5991   0.128129    928.213
0.138038 1.72924   0.190257    1378.29
0.138038 1.86997    0.30115    2181.64
0.138038 2.02216   0.529624    3836.79
0.138038 2.18672    1.11355    8066.93
0.138038 2.36469    3.14226    22763.7
0.138038 2.55713    7.41717    53732.7
0.138038 2.76524    2.88315    20886.6
0.138038 2.99028    1.03729    7514.49
0.138038 3.23364   0.498494    3611.27
0.138038 3.4968   0.285526    2068.45
0.138038 3.78138   0.182056    1318.88
0.138038 4.08911   0.124548    902.271
0.138038 4.4219  0.0894834     648.25
0.138038 4.78176   0.066621    482.627
0.138038 5.17092   0.050944    369.056
0.138038 5.59174  0.0397663    288.081
0.138038 6.04681  0.0315468    228.537
0.138038 6.53891  0.0253507     183.65
0.138038 7.07107  0.0205844    149.121
0.138038 7.64653  0.0168563    122.113
0.138038 8.26882  0.0138997    100.694
0.138038 8.94176  0.0115277     83.511
0.138038 9.66947 0.00960631    69.5915
0.138038 10.4564 0.00803713    58.2238
0.138038 11.3074 0.00674677     48.876
0.138038 12.2276 0.00567951    41.1444
0.138038 13.2227  0.0047924    34.7179
0.138038 14.2988 0.00405195    29.3538
0.138038 15.4625  0.0034317    24.8605
0.138038 16.7209 0.00291056    21.0852
0.138038 18.0816 0.00247157    17.9049
0.138038 19.5532 0.00210096    15.2201
0.138038 21.1445 0.00178749    12.9492
0.138038 22.8653 0.00152193    11.0254
0.138038 24.7261 0.00129665    9.39343
0.138038 26.7384 0.00110532    8.00734
0.138038 28.9144 0.000942656    6.82894
0.138038 31.2675 0.000804248    5.82626
0.138038 33.8122 0.000686393    4.97248
0.138038 36.5639 0.000585977    4.24503
0.138038 39.5396 0.000500375    3.62489
0.138038 42.7574 0.000427367      3.096
0.138038 46.2371 0.000365077    2.64475
0.158489     1 0.00674651    42.5676
0.158489 1.08138   0.015796    99.6662
0.158489 1.16939  0.0242363    152.921
0.158489 1.26456  0.0345925    218.264
0.158489 1.36747  0.0481852    304.028
0.158489 1.47876  0.0672933    424.592
0.158489 1.5991  0.0962694    607.419
0.158489 1.72924   0.144311    910.541
0.158489 1.86997   0.233721    1474.68
0.158489 2.02216   0.430145    2714.03
0.158489 2.18672   0.990154    6247.45
0.158489 2.36469    3.26262    20585.8
0.158489 2.55713    4.82323    30432.5
0.158489 2.76524    1.38665    8749.19
0.158489 2.99028   0.534494    3372.43
0.158489 3.23364   0.270734    1708.22
0.158489 3.4968   0.160224    1010.94
0.158489 3.78138   0.104363    658.484
0.158489 4.08911  0.0724525    457.144
0.158489 4.4219  0.0526073     331.93
0.158489 4.78176  0.0394755    249.073
0.158489 5.17092  0.0303679    191.609
0.158489 5.59174   0.023816    150.269
0.158489 6.04681  0.0189636    119.652
0.158489 6.53891  0.0152843    96.4376
0.158489 7.07107  0.0124406     78.495
0.158489 7.64653  0.0102076    64.4056
0.158489 8.26882 0.00843089    53.1953
0.158489 8.94176 0.00700161    44.1772
0.158489 9.66947 0.00584115    36.8552
0.158489 10.4564  0.0048916    30.8639
0.158489 11.3074  0.0041095    25.9292
0.158489 12.2276 0.00346172     21.842
0.158489 13.2227 0.00292266    18.4407
0.158489 14.2988 0.00247226    15.5989
0.158489 15.4625 0.00209466    13.2164
0.158489 16.7209 0.00177717    11.2132
0.158489 18.0816 0.00150956    9.52467
0.158489 19.5532 0.00128352    8.09844
0.158489 21.1445 0.00109224    6.89157
0.158489 22.8653 0.000930137    5.86877
0.158489 24.7261 0.000792576    5.00082
0.158489 26.7384 0.000675711    4.26345
0.158489 28.9144 0.000576334    3.63642
0.158489 31.2675 0.000491758    3.10278
0.158489 33.8122 0.000419729    2.64831
0.158489 36.5639 0.00035835    2.26103
0.158489 39.5396 0.000306018    1.93084
0.158489 42.7574 0.000261381     1.6492
0.158489 46.2371 0.000223294    1.40889
0.18197     1 0.00578157    31.7721
0.18197 1.08138   0.012899    70.8855
0.18197 1.16939  0.0192301    105.677
0.18197 1.26456  0.0269513    148.108
0.18197 1.36747  0.0372492      204.7
0.18197 1.47876  0.0521611    286.646
0.18197 1.5991  0.0757023    416.015
0.18197 1.72924   0.116889    642.352
0.18197 1.86997   0.199681    1097.33
0.18197 2.02216   0.405133    2226.37
0.18197 2.18672    1.12376     6175.5
0.18197 2.36469    3.85912    21207.4
0.18197 2.55713    1.70505    9369.95
0.18197 2.76524   0.525452    2887.57
0.18197 2.99028   0.234707    1289.81
0.18197 3.23364   0.129326    710.698
0.18197 3.4968  0.0805425    442.614
0.18197 3.78138  0.0542442    298.094
0.18197 4.08911  0.0385427    211.808
0.18197 4.4219  0.0284609    156.404
0.18197 4.78176  0.0216279    118.854
0.18197 5.17092  0.0168003    92.3243
0.18197 5.59174  0.0132762    72.9581
0.18197 6.04681  0.0106354    58.4457
0.18197 6.53891 0.00861383    47.3365
0.18197 7.07107 0.00703906    38.6825
0.18197 7.64653 0.00579442    31.8427
0.18197 8.26882 0.00479874     26.371
0.18197 8.94176 0.00399412    21.9493
0.18197 9.66947 0.00333834    18.3455
0.18197 10.4564 0.00280001    15.3872
0.18197 11.3074 0.00235541    12.9439
0.18197 12.2276 0.00198631    10.9156
0.18197 13.2227 0.00167856     9.2244
0.18197 14.2988 0.00142101    7.80902
0.18197 15.4625 0.00120477    6.62072
0.18197 16.7209 0.00102274    5.62039
0.18197 18.0816 0.000869154    4.77636
0.18197 19.5532 0.000739309     4.0628
0.18197 21.1445 0.000629353    3.45855
0.18197 22.8653 0.000536107    2.94613
0.18197 24.7261 0.000456936    2.51105
0.18197 26.7384 0.000389645    2.14126
0.18197 28.9144  0.0003324    1.82668
0.18197 31.2675 0.000283666    1.55886
0.18197 33.8122 0.000242149    1.33071
0.18197 36.5639 0.000206762    1.13624
0.18197 39.5396 0.000176584   0.970404
0.18197 42.7574 0.00015084   0.828926
0.18197 46.2371 0.000128869   0.708188
0.20893     1 0.00497969    23.8343
0.20893 1.08138  0.0107698    51.5475
0.20893 1.16939  0.0158778    75.9959
0.20893 1.26456  0.0223028    106.748
0.20893 1.36747   0.031322    149.917
0.20893 1.47876  0.0452671    216.662
0.20893 1.5991  0.0691545    330.994
0.20893 1.72924   0.115559    553.098
0.20893 1.86997   0.222053    1062.81
0.20893 2.02216   0.514022    2460.26
0.20893 2.18672    1.02815    4921.04
0.20893 2.36469   0.618449    2960.08
0.20893 2.55713   0.253589    1213.76
0.20893 2.76524    0.12423      594.6
0.20893 2.99028  0.0710793    340.207
0.20893 3.23364  0.0450982    215.854
0.20893 3.4968  0.0306909    146.896
0.20893 3.78138   0.021946     105.04
0.20893 4.08911  0.0162724    77.8846
0.20893 4.4219  0.0124003    59.3516
0.20893 4.78176 0.00965142    46.1946
0.20893 5.17092 0.00763782    36.5569
0.20893 5.59174 0.00612504    29.3163
0.20893 6.04681 0.00496481    23.7631
0.20893 6.53891 0.00405966    19.4307
0.20893 7.07107 0.00334345    16.0027
0.20893 7.64653 0.00276998     13.258
0.20893 8.26882 0.00230623    11.0383
0.20893 8.94176 0.00192806    9.22825
0.20893 9.66947 0.00161747    7.74169
0.20893 10.4564 0.00136086    6.51348
0.20893 11.3074 0.00114777    5.49356
0.20893 12.2276 0.000970047    4.64293
0.20893 13.2227 0.00082128    3.93089
0.20893 14.2988 0.00069636    3.33299
0.20893 15.4625 0.000591185    2.82959
0.20893 16.7209 0.000502432    2.40479
0.20893 18.0816 0.000427392    2.04563
0.20893 19.5532 0.000363841    1.74145
0.20893 21.1445 0.000309944    1.48348
0.20893 22.8653 0.000264179    1.26444
0.20893 24.7261 0.00022528    1.07826
0.20893 26.7384 0.000192187   0.919864
0.20893 28.9144 0.000164012   0.785012
0.20893 31.2675 0.00014001   0.670129
0.20893 33.8122 0.00011955   0.572204
0.20893 36.5639 0.000102103   0.488695
0.20893 39.5396 8.72178e-05   0.417451
0.20893 42.7574 7.45146e-05   0.356649
0.20893 46.2371 6.36703e-05   0.304745
0.239883     1 1.06183e-06 0.00442643
0.239883 1.08138 3.23595e-06  0.0134897
0.239883 1.16939 6.25811e-06  0.0260881
0.239883 1.26456 1.12785e-05  0.0470165
0.239883 1.36747 1.96313e-05   0.081837
0.239883 1.47876 3.34559e-05   0.139467
0.239883 1.5991 5.62118e-05    0.23433
0.239883 1.72924 9.34931e-05   0.389744
0.239883 1.86997 0.000154331   0.643357
0.239883 2.02216 0.000253257    1.05575
0.239883 2.18672 0.00041349    1.72371
0.239883 2.36469 0.000671474    2.79917
0.239883 2.55713 0.00108205    4.51073
0.239883 2.76524 0.00171959    7.16843
0.239883 2.99028 0.00265935     11.086
0.239883 3.23364 0.00390587    16.2824
0.239883 3.4968 0.00525795    21.9188
0.239883 3.78138 0.00626783    26.1287
0.239883 4.08911 0.00654938    27.3023
0.239883 4.4219 0.00613935    25.5931
0.239883 4.78176 0.00536655    22.3715
0.239883 5.17092  0.0045223    18.8521
0.239883 5.59174 0.00375167    15.6396
0.239883 6.04681  0.0030983    12.9158
0.239883 6.53891 0.00256056    10.6742
0.239883 7.07107 0.00212231    8.84728
0.239883 7.64653 0.00176541    7.35945
0.239883 8.26882 0.00147383    6.14396
0.239883 8.94176 0.00123452    5.14633
0.239883 9.66947 0.00103713    4.32348
0.239883 10.4564 0.000873552    3.64157
0.239883 11.3074 0.000737409    3.07403
0.239883 12.2276 0.000623669    2.59988
0.239883 13.2227 0.00052833    2.20245
0.239883 14.2988 0.000448185    1.86835
0.239883 15.4625 0.000380647     1.5868
0.239883 16.7209 0.000323612    1.34904
0.239883 18.0816 0.000275358    1.14788
0.239883 19.5532 0.00023447   0.977436
0.239883 21.1445 0.000199779   0.832816
0.239883 22.8653 0.00017031   0.709971
0.239883 24.7261 0.000145254   0.605521
0.239883 26.7384 0.000123933   0.516637
0.239883 28.9144 0.000105775   0.440945
0.239883 31.2675 9.0304e-05    0.37645
0.239883 33.8122 7.7114e-05   0.321465
0.239883 36.5639 6.58642e-05   0.274568
0.239883 39.5396 5.62654e-05   0.234553
0.239883 42.7574 4.80727e-05     0.2004
0.239883 46.2371 4.10782e-05   0.171243
0.275423     1 1.09473e-07 0.000397471
0.275423 1.08138 1.30648e-07 0.000474354
0.275423 1.16939 1.36227e-07 0.000494611
0.275423 1.26456 1.35389e-07 0.000491567
0.275423 1.36747 1.3037e-07 0.000473346
0.275423 1.47876 1.22706e-07 0.000445517
0.275423 1.5991 1.13513e-07 0.000412142
0.275423 1.72924 1.03602e-07 0.000376157
0.275423 1.86997 9.35429e-08 0.000339634
0.275423 2.02216 8.37244e-08 0.000303985
0.275423 2.18672 7.43994e-08 0.000270128
0.275423 2.36469 6.57198e-08 0.000238614
0.275423 2.55713 5.77646e-08 0.000209731
0.275423 2.76524 5.05608e-08 0.000183575
0.275423 2.99028 4.41001e-08 0.000160118
0.275423 3.23364 3.83511e-08 0.000139245
0.275423 3.4968 3.3268e-08 0.000120789
0.275423 3.78138 2.87974e-08 0.000104557
0.275423 4.08911 2.48827e-08 9.03436e-05
0.275423 4.4219 2.14673e-08 7.79429e-05
0.275423 4.78176 1.84965e-08 6.71569e-05
0.275423 5.17092 1.59193e-08 5.77994e-05
0.275423 5.59174 1.36882e-08 4.96989e-05
0.275423 6.04681 1.17604e-08 4.26994e-05
0.275423 6.53891 1.00972e-08 3.66606e-05
0.275423 7.07107 8.66411e-09 3.14575e-05
0.275423 7.64653 7.43074e-09 2.69794e-05
0.275423 8.26882 6.37023e-09 2.31289e-05
0.275423 8.94176 5.4591e-09 1.98208e-05
0.275423 9.66947 4.67684e-09 1.69806e-05
0.275423 10.4564 4.00561e-09 1.45435e-05
0.275423 11.3074 3.42995e-09 1.24534e-05
0.275423 12.2276 2.93644e-09 1.06616e-05
0.275423 13.2227 2.51353e-09 9.12609e-06
0.275423 14.2988 2.15123e-09 7.81063e-06
0.275423 15.4625 1.84092e-09 6.68399e-06
0.275423 16.7209 1.57522e-09 5.71927e-06
0.275423 18.0816 1.34774e-09 4.89336e-06
0.275423 19.5532 1.15303e-09 4.1864e-06
0.275423 21.1445 9.86385e-10 3.58135e-06
0.275423 22.8653 8.43779e-10 3.06357e-06
0.275423 24.7261 7.21756e-10 2.62054e-06
0.275423 26.7384 6.17354e-10 2.24148e-06
0.275423 28.9144 5.28036e-10 1.91718e-06
0.275423 31.2675 4.51627e-10 1.63976e-06
0.275423 33.8122 3.86265e-10 1.40244e-06
0.275423 36.5639 3.30356e-10 1.19945e-06
0.275423 39.5396 2.82534e-10 1.02582e-06
0.275423 42.7574 2.4163e-10 8.77307e-07
0.275423 46.2371 2.06646e-10 7.50286e-07
0.316228     1 3.39394e-08 0.000107326
0.316228 1.08138 3.67388e-08 0.000116178
0.316228 1.16939 3.73315e-08 0.000118053
0.316228 1.26456 3.66372e-08 0.000115857
0.316228 1.36747 3.50546e-08 0.000110852
0.316228 1.47876 3.28888e-08 0.000104003
0.316228 1.5991 3.0379e-08 9.60669e-05
0.316228 1.72924 2.77086e-08 8.76223e-05
0.316228 1.86997 2.50128e-08 7.90973e-05
0.316228 2.02216 2.2387e-08 7.07938e-05
0.316228 2.18672 1.98949e-08 6.29133e-05
0.316228 2.36469 1.75756e-08 5.55789e-05
0.316228 2.55713 1.54495e-08 4.88557e-05
0.316228 2.76524 1.35239e-08 4.27664e-05
0.316228 2.99028 1.17966e-08 3.73043e-05
0.316228 3.23364 1.02594e-08 3.24429e-05
0.316228 3.4968 8.89994e-09 2.81441e-05
0.316228 3.78138 7.7042e-09 2.43628e-05
0.316228 4.08911 6.65705e-09 2.10514e-05
0.316228 4.4219 5.74339e-09 1.81622e-05
0.316228 4.78176 4.94867e-09 1.56491e-05
0.316228 5.17092 4.25918e-09 1.34687e-05
0.316228 5.59174 3.66229e-09 1.15812e-05
0.316228 6.04681 3.14651e-09 9.95015e-06
0.316228 6.53891 2.70153e-09 8.54298e-06
0.316228 7.07107 2.31811e-09 7.33052e-06
0.316228 7.64653 1.98812e-09  6.287e-06
0.316228 8.26882 1.70438e-09 5.38974e-06
0.316228 8.94176 1.46061e-09 4.61885e-06
0.316228 9.66947 1.25131e-09  3.957e-06
0.316228 10.4564 1.07172e-09 3.38909e-06
0.316228 11.3074 9.17701e-10 2.90202e-06
0.316228 12.2276 7.85662e-10 2.48448e-06
0.316228 13.2227 6.7251e-10 2.12666e-06
0.316228 14.2988 5.75573e-10 1.82012e-06
0.316228 15.4625 4.9255e-10 1.55758e-06
0.316228 16.7209 4.21458e-10 1.33277e-06
0.316228 18.0816 3.60596e-10 1.14031e-06
0.316228 19.5532  3.085e-10 9.75562e-07
0.316228 21.1445 2.63913e-10 8.34566e-07
0.316228 22.8653 2.25758e-10 7.13909e-07
0.316228 24.7261 1.9311e-10 6.10667e-07
0.316228 26.7384 1.65177e-10 5.22335e-07
0.316228 28.9144 1.41279e-10 4.46764e-07
0.316228 31.2675 1.20835e-10 3.82115e-07
0.316228 33.8122 1.03348e-10 3.26814e-07
0.316228 36.5639 8.83886e-11 2.79509e-07
0.316228 39.5396 7.55935e-11 2.39048e-07
0.316228 42.7574 6.46496e-11 2.0444e-07
0.316228 46.2371 5.52894e-11 1.7484e-07
0.363078     1 2.01208e-08 5.54173e-05
0.363078 1.08138 2.14989e-08 5.92128e-05
0.363078 1.16939 2.1775e-08 5.99733e-05
0.363078 1.26456 2.13366e-08 5.87658e-05
0.363078 1.36747 2.03986e-08 5.61825e-05
0.363078 1.47876 1.91306e-08  5.269e-05
0.363078 1.5991 1.76672e-08 4.86595e-05
0.363078 1.72924 1.61127e-08 4.4378e-05
0.363078 1.86997 1.45445e-08 4.00589e-05
0.363078 2.02216 1.30175e-08 3.58532e-05
0.363078 2.18672 1.15685e-08 3.18622e-05
0.363078 2.36469 1.02199e-08 2.81479e-05
0.363078 2.55713 8.98369e-09 2.47431e-05
0.363078 2.76524 7.86403e-09 2.16593e-05
0.363078 2.99028 6.85967e-09 1.88931e-05
0.363078 3.23364 5.96578e-09 1.64311e-05
0.363078 3.4968 5.1753e-09 1.4254e-05
0.363078 3.78138 4.47999e-09 1.23389e-05
0.363078 4.08911 3.87108e-09 1.06618e-05
0.363078 4.4219 3.3398e-09 9.19857e-06
0.363078 4.78176 2.87767e-09 7.92575e-06
0.363078 5.17092 2.47673e-09 6.82147e-06
0.363078 5.59174 2.12964e-09 5.8655e-06
0.363078 6.04681 1.82971e-09 5.03945e-06
0.363078 6.53891 1.57095e-09 4.32676e-06
0.363078 7.07107 1.34799e-09 3.71268e-06
0.363078 7.64653 1.1561e-09 3.18418e-06
0.363078 8.26882 9.91108e-10 2.72974e-06
0.363078 8.94176 8.49352e-10 2.33931e-06
0.363078 9.66947 7.27645e-10 2.0041e-06
0.363078 10.4564 6.23212e-10 1.71647e-06
0.363078 11.3074 5.33648e-10 1.46979e-06
0.363078 12.2276 4.56867e-10 1.25832e-06
0.363078 13.2227 3.91068e-10 1.07709e-06
0.363078 14.2988 3.34699e-10 9.21837e-07
0.363078 15.4625 2.8642e-10 7.88867e-07
0.363078 16.7209 2.4508e-10 6.75007e-07
0.363078 18.0816 2.09689e-10 5.77531e-07
0.363078 19.5532 1.79394e-10 4.94093e-07
0.363078 21.1445 1.53467e-10 4.22683e-07
0.363078 22.8653 1.31279e-10 3.61574e-07
0.363078 24.7261 1.12294e-10 3.09285e-07
0.363078 26.7384 9.60511e-11 2.64547e-07
0.363078 28.9144 8.21546e-11 2.26272e-07
0.363078 31.2675 7.02665e-11 1.9353e-07
0.363078 33.8122 6.00971e-11 1.65521e-07
0.363078 36.5639 5.13984e-11 1.41563e-07
0.363078 39.5396 4.3958e-11 1.2107e-07
0.363078 42.7574 3.75941e-11 1.03543e-07
0.363078 46.2371 3.21511e-11 8.85514e-08
0.416869     1 1.28804e-08 3.0898e-05
0.416869 1.08138 1.36114e-08 3.26515e-05
0.416869 1.16939 1.37527e-08 3.29903e-05
0.416869 1.26456 1.34618e-08 3.22927e-05
0.416869 1.36747 1.28646e-08  3.086e-05
0.416869 1.47876 1.20632e-08 2.89375e-05
0.416869 1.5991 1.11403e-08 2.67238e-05
0.416869 1.72924 1.01606e-08 2.43735e-05
0.416869 1.86997 9.17227e-09 2.20027e-05
0.416869 2.02216 8.20982e-09 1.9694e-05
0.416869 2.18672 7.29634e-09 1.75027e-05
0.416869 2.36469 6.44608e-09 1.54631e-05
0.416869 2.55713 5.66657e-09 1.35932e-05
0.416869 2.76524 4.96048e-09 1.18994e-05
0.416869 2.99028 4.32704e-09 1.03798e-05
0.416869 3.23364 3.76324e-09 9.02738e-06
0.416869 3.4968 3.26465e-09 7.83134e-06
0.416869 3.78138 2.82606e-09 6.77925e-06
0.416869 4.08911 2.44197e-09 5.85787e-06
0.416869 4.4219 2.10683e-09 5.05393e-06
0.416869 4.78176 1.81531e-09 4.35463e-06
0.416869 5.17092 1.56239e-09 3.74792e-06
0.416869 5.59174 1.34344e-09 3.22269e-06
0.416869 6.04681 1.15424e-09 2.76883e-06
0.416869 6.53891 9.91007e-10 2.37726e-06
0.416869 7.07107 8.5036e-10 2.03987e-06
0.416869 7.64653 7.29309e-10 1.74949e-06
0.416869 8.26882 6.25225e-10 1.49981e-06
0.416869 8.94176  5.358e-10 1.28529e-06
0.416869 9.66947 4.59023e-10 1.10112e-06
0.416869 10.4564 3.93144e-10 9.43086e-07
0.416869 11.3074 3.36643e-10 8.07551e-07
0.416869 12.2276 2.88207e-10 6.91361e-07
0.416869 13.2227 2.46699e-10 5.9179e-07
0.416869 14.2988 2.1114e-10 5.06489e-07
0.416869 15.4625 1.80684e-10 4.3343e-07
0.416869 16.7209 1.54605e-10 3.70872e-07
0.416869 18.0816 1.32279e-10 3.17315e-07
0.416869 19.5532 1.13168e-10 2.71472e-07
0.416869 21.1445 9.68122e-11 2.32236e-07
0.416869 22.8653 8.28156e-11 1.98661e-07
0.416869 24.7261 7.08392e-11 1.69931e-07
0.416869 26.7384 6.05924e-11 1.45351e-07
0.416869 28.9144 5.18259e-11 1.24322e-07
0.416869 31.2675 4.43265e-11 1.06332e-07
0.416869 33.8122 3.79114e-11 9.0943e-08
0.416869 36.5639 3.24239e-11 7.77796e-08
0.416869 39.5396 2.77303e-11 6.65202e-08
0.416869 42.7574 2.37157e-11 5.68899e-08
0.416869 46.2371 2.0282e-11 4.86531e-08
0.47863     1 8.39048e-09 1.75302e-05
0.47863 1.08138 8.74741e-09 1.82759e-05
0.47863 1.16939 8.80982e-09 1.84063e-05
0.47863 1.26456 8.6105e-09 1.79899e-05
0.47863 1.36747 8.22236e-09 1.71789e-05
0.47863 1.47876 7.70735e-09 1.61029e-05
0.47863 1.5991 7.11655e-09 1.48686e-05
0.47863 1.72924 6.49025e-09 1.35601e-05
0.47863 1.86997 5.85885e-09 1.22409e-05
0.47863 2.02216 5.2441e-09 1.09565e-05
0.47863 2.18672 4.66067e-09 9.73752e-06
0.47863 2.36469 4.11761e-09 8.60291e-06
0.47863 2.55713 3.61973e-09 7.56269e-06
0.47863 2.76524 3.16872e-09 6.6204e-06
0.47863 2.99028 2.76411e-09 5.77505e-06
0.47863 3.23364 2.40397e-09 5.02261e-06
0.47863 3.4968 2.08548e-09 4.35719e-06
0.47863 3.78138 1.80532e-09 3.77185e-06
0.47863 4.08911 1.55996e-09 3.25922e-06
0.47863 4.4219 1.34587e-09 2.81193e-06
0.47863 4.78176 1.15965e-09 2.42285e-06
0.47863 5.17092 9.98083e-10 2.08529e-06
0.47863 5.59174 8.58213e-10 1.79306e-06
0.47863 6.04681 7.3735e-10 1.54054e-06
0.47863 6.53891 6.33073e-10 1.32268e-06
0.47863 7.07107 5.43225e-10 1.13496e-06
0.47863 7.64653 4.65896e-10 9.73395e-07
0.47863 8.26882 3.99405e-10 8.34476e-07
0.47863 8.94176 3.42279e-10 7.15122e-07
0.47863 9.66947 2.93233e-10 6.1265e-07
0.47863 10.4564 2.51148e-10 5.24722e-07
0.47863 11.3074 2.15054e-10 4.49312e-07
0.47863 12.2276 1.84112e-10 3.84665e-07
0.47863 13.2227 1.57596e-10 3.29265e-07
0.47863 14.2988 1.3488e-10 2.81804e-07
0.47863 15.4625 1.15424e-10 2.41155e-07
0.47863 16.7209 9.87647e-11 2.06349e-07
0.47863 18.0816 8.45022e-11 1.7655e-07
0.47863 19.5532 7.2294e-11 1.51044e-07
0.47863 21.1445 6.18455e-11 1.29214e-07
0.47863 22.8653 5.29042e-11 1.10533e-07
0.47863 24.7261 4.52534e-11 9.45478e-08
0.47863 26.7384 3.87076e-11 8.08716e-08
0.47863 28.9144 3.31074e-11 6.91712e-08
0.47863 31.2675 2.83166e-11 5.91618e-08
0.47863 33.8122 2.42185e-11 5.05996e-08
0.47863 36.5639 2.0713e-11 4.32756e-08
0.47863 39.5396 1.77146e-11 3.70111e-08
0.47863 42.7574  1.515e-11 3.16529e-08
0.47863 46.2371 1.29565e-11  2.707e-08
0.549541     1 6.15354e-09 1.11976e-05
0.549541 1.08138 6.33197e-09 1.15223e-05
0.549541 1.16939 6.34998e-09 1.15551e-05
0.549541 1.26456 6.19006e-09 1.12641e-05
0.549541 1.36747 5.9007e-09 1.07375e-05
0.549541 1.47876 5.52445e-09 1.00528e-05
0.549541 1.5991 5.09665e-09 9.27438e-06
0.549541 1.72924 4.64531e-09 8.45307e-06
0.549541 1.86997 4.19156e-09 7.62739e-06
0.549541 2.02216 3.75058e-09 6.82493e-06
0.549541 2.18672 3.33254e-09 6.06423e-06
0.549541 2.36469 2.94374e-09 5.35674e-06
0.549541 2.55713 2.58749e-09 4.70845e-06
0.549541 2.76524 2.26489e-09 4.12142e-06
0.549541 2.99028 1.97556e-09 3.59493e-06
0.549541 3.23364 1.71808e-09 3.12639e-06
0.549541 3.4968 1.49041e-09 2.7121e-06
0.549541 3.78138 1.29015e-09 2.34769e-06
0.549541 4.08911 1.11479e-09 2.02858e-06
0.549541 4.4219 9.61784e-10 1.75016e-06
0.549541 4.78176 8.28697e-10 1.50798e-06
0.549541 5.17092 7.13234e-10 1.29787e-06
0.549541 5.59174 6.13279e-10 1.11598e-06
0.549541 6.04681 5.26908e-10 9.58815e-07
0.549541 6.53891 4.52391e-10 8.23216e-07
0.549541 7.07107 3.88185e-10 7.06381e-07
0.549541 7.64653 3.32926e-10 6.05826e-07
0.549541 8.26882 2.85412e-10 5.19364e-07
0.549541 8.94176 2.4459e-10 4.4508e-07
0.549541 9.66947 2.09541e-10 3.81302e-07
0.549541 10.4564 1.79468e-10 3.26578e-07
0.549541 11.3074 1.53676e-10 2.79644e-07
0.549541 12.2276 1.31565e-10 2.39408e-07
0.549541 13.2227 1.12617e-10 2.04929e-07
0.549541 14.2988 9.63838e-11 1.7539e-07
0.549541 15.4625 8.2481e-11 1.50091e-07
0.549541 16.7209 7.05762e-11 1.28428e-07
0.549541 18.0816 6.03844e-11 1.09882e-07
0.549541 19.5532 5.16605e-11 9.40067e-08
0.549541 21.1445 4.41941e-11 8.04201e-08
0.549541 22.8653 3.78048e-11 6.87934e-08
0.549541 24.7261 3.23376e-11 5.88448e-08
0.549541 26.7384  2.766e-11 5.0333e-08
0.549541 28.9144 2.36582e-11 4.30508e-08
0.549541 31.2675 2.02348e-11 3.68212e-08
0.549541 33.8122 1.73063e-11 3.14923e-08
0.549541 36.5639 1.48013e-11 2.69339e-08
0.549541 39.5396 1.26587e-11 2.3035e-08
0.549541 42.7574 1.0826e-11 1.97002e-08
0.549541 46.2371 9.2586e-12 1.68479e-08
0.630957     1 4.34747e-09 6.89028e-06
0.630957 1.08138 4.37208e-09 6.92928e-06
0.630957 1.16939 4.35116e-09 6.89613e-06
0.630957 1.26456 4.2214e-09 6.69047e-06
0.630957 1.36747 4.01113e-09 6.35721e-06
0.630957 1.47876 3.74691e-09 5.93845e-06
0.630957 1.5991 3.45122e-09 5.46981e-06
0.630957 1.72924 3.14196e-09 4.97968e-06
0.630957 1.86997 2.8327e-09 4.48952e-06
0.630957 2.02216 2.53313e-09 4.01474e-06
0.630957 2.18672 2.24979e-09 3.56568e-06
0.630957 2.36469 1.98667e-09 3.14866e-06
0.630957 2.55713 1.74582e-09 2.76694e-06
0.630957 2.76524 1.52789e-09 2.42155e-06
0.630957 2.99028 1.33254e-09 2.11193e-06
0.630957 3.23364 1.15876e-09 1.83651e-06
0.630957 3.4968 1.00513e-09 1.59303e-06
0.630957 3.78138 8.70039e-10 1.37892e-06
0.630957 4.08911 7.5175e-10 1.19144e-06
0.630957 4.4219 6.48555e-10 1.02789e-06
0.630957 4.78176  5.588e-10 8.85638e-07
0.630957 5.17092 4.80935e-10 7.6223e-07
0.630957 5.59174 4.13531e-10 6.55402e-07
0.630957 6.04681 3.55288e-10 5.63094e-07
0.630957 6.53891 3.05041e-10 4.83457e-07
0.630957 7.07107 2.61747e-10 4.1484e-07
0.630957 7.64653 2.24486e-10 3.55786e-07
0.630957 8.26882 1.92447e-10 3.05008e-07
0.630957 8.94176 1.64921e-10 2.61383e-07
0.630957 9.66947 1.41289e-10 2.23928e-07
0.630957 10.4564 1.21011e-10 1.91789e-07
0.630957 11.3074 1.0362e-10 1.64226e-07
0.630957 12.2276 8.87109e-11 1.40597e-07
0.630957 13.2227 7.59346e-11 1.20348e-07
0.630957 14.2988 6.49892e-11 1.03001e-07
0.630957 15.4625 5.56149e-11 8.81436e-08
0.630957 16.7209 4.75878e-11 7.54216e-08
0.630957 18.0816 4.07157e-11  6.453e-08
0.630957 19.5532 3.48334e-11 5.52072e-08
0.630957 21.1445 2.9799e-11 4.72282e-08
0.630957 22.8653 2.54908e-11 4.04002e-08
0.630957 24.7261 2.18045e-11 3.45577e-08
0.630957 26.7384 1.86505e-11 2.9559e-08
0.630957 28.9144 1.59521e-11 2.52824e-08
0.630957 31.2675 1.36438e-11 2.1624e-08
0.630957 33.8122 1.16692e-11 1.84944e-08
0.630957 36.5639 9.98015e-12 1.58175e-08
0.630957 39.5396 8.53543e-12 1.35277e-08
0.630957 42.7574 7.29973e-12 1.15693e-08
0.630957 46.2371 6.24284e-12 9.89424e-09
0.724436     1 2.9173e-09 4.02699e-06
0.724436 1.08138 2.82233e-09 3.89589e-06
0.724436 1.16939 2.77262e-09 3.82728e-06
0.724436 1.26456 2.66805e-09 3.68293e-06
0.724436 1.36747 2.52106e-09 3.48003e-06
0.724436 1.47876 2.34576e-09 3.23804e-06
0.724436 1.5991 2.15456e-09 2.97412e-06
0.724436 1.72924 1.9575e-09 2.7021e-06
0.724436 1.86997 1.7622e-09 2.43251e-06
0.724436 2.02216 1.57413e-09 2.17291e-06
0.724436 2.18672 1.39695e-09 1.92833e-06
0.724436 2.36469 1.23285e-09 1.70181e-06
0.724436 2.55713 1.08292e-09 1.49485e-06
0.724436 2.76524 9.47447e-10 1.30784e-06
0.724436 2.99028 8.26118e-10 1.14036e-06
0.724436 3.23364 7.18259e-10 9.91473e-07
0.724436 3.4968 6.22957e-10 8.5992e-07
0.724436 3.78138 5.39179e-10 7.44274e-07
0.724436 4.08911 4.65842e-10 6.43041e-07
0.724436 4.4219 4.01875e-10 5.54741e-07
0.724436 4.78176 3.46246e-10 4.77952e-07
0.724436 5.17092 2.97991e-10 4.11342e-07
0.724436 5.59174 2.56222e-10 3.53685e-07
0.724436 6.04681 2.20132e-10 3.03867e-07
0.724436 6.53891 1.88997e-10 2.60889e-07
0.724436 7.07107 1.62172e-10 2.23859e-07
0.724436 7.64653 1.39085e-10 1.91991e-07
0.724436 8.26882 1.19234e-10 1.64589e-07
0.724436 8.94176 1.0218e-10 1.41048e-07
0.724436 9.66947 8.75379e-11 1.20836e-07
0.724436 10.4564 7.49742e-11 1.03493e-07
0.724436 11.3074 6.41992e-11 8.86195e-08
0.724436 12.2276 5.49621e-11 7.58688e-08
0.724436 13.2227 4.70464e-11 6.49421e-08
0.724436 14.2988 4.0265e-11 5.55811e-08
0.724436 15.4625 3.44569e-11 4.75638e-08
0.724436 16.7209 2.94837e-11 4.06988e-08
0.724436 18.0816 2.5226e-11 3.48215e-08
0.724436 19.5532 2.15815e-11 2.97907e-08
0.724436 21.1445 1.84624e-11 2.54852e-08
0.724436 22.8653 1.57932e-11 2.18006e-08
0.724436 24.7261 1.35092e-11 1.86479e-08
0.724436 26.7384 1.15551e-11 1.59505e-08
0.724436 28.9144 9.88335e-12 1.36428e-08
0.724436 31.2675 8.45319e-12 1.16686e-08
0.724436 33.8122 7.2298e-12 9.9799e-09
0.724436 36.5639 6.18333e-12 8.53537e-09
0.724436 39.5396 5.28823e-12 7.29979e-09
0.724436 42.7574 4.52264e-12 6.24298e-09
0.724436 46.2371 3.86783e-12 5.3391e-09
0.831764     1 1.63774e-09 1.96899e-06
0.831764 1.08138 1.46755e-09 1.76439e-06
0.831764 1.16939 1.40575e-09 1.69008e-06
0.831764 1.26456 1.33137e-09 1.60066e-06
0.831764 1.36747 1.2444e-09 1.4961e-06
0.831764 1.47876 1.14898e-09 1.38138e-06
0.831764 1.5991 1.04949e-09 1.26177e-06
0.831764 1.72924 9.4967e-10 1.14175e-06
0.831764 1.86997 8.52408e-10 1.02482e-06
0.831764 2.02216 7.59796e-10 9.13475e-07
0.831764 2.18672 6.73206e-10 8.09372e-07
0.831764 2.36469 5.93434e-10 7.13465e-07
0.831764 2.55713 5.20822e-10 6.26166e-07
0.831764 2.76524 4.55379e-10 5.47486e-07
0.831764 2.99028 3.9688e-10 4.77155e-07
0.831764 3.23364 3.44946e-10 4.14716e-07
0.831764 3.4968 2.99103e-10  3.596e-07
0.831764 3.78138 2.5883e-10 3.11183e-07
0.831764 4.08911 2.23596e-10 2.68821e-07
0.831764 4.4219 1.92873e-10 2.31885e-07
0.831764 4.78176 1.66163e-10 1.99772e-07
0.831764 5.17092 1.42998e-10 1.71922e-07
0.831764 5.59174 1.22949e-10 1.47818e-07
0.831764 6.04681 1.05629e-10 1.26993e-07
0.831764 6.53891 9.06869e-11 1.0903e-07
0.831764 7.07107 7.7814e-11 9.3553e-08
0.831764 7.64653 6.67357e-11 8.02339e-08
0.831764 8.26882 5.72105e-11 6.87821e-08
0.831764 8.94176 4.90272e-11 5.89437e-08
0.831764 9.66947 4.20016e-11 5.0497e-08
0.831764 10.4564 3.59733e-11 4.32494e-08
0.831764 11.3074 3.08033e-11 3.70337e-08
0.831764 12.2276 2.63712e-11 3.17052e-08
0.831764 13.2227 2.25731e-11 2.71389e-08
0.831764 14.2988 1.93194e-11 2.3227e-08
0.831764 15.4625 1.65326e-11 1.98766e-08
0.831764 16.7209 1.41464e-11 1.70077e-08
0.831764 18.0816 1.21035e-11 1.45517e-08
0.831764 19.5532 1.03549e-11 1.24493e-08
0.831764 21.1445 8.85833e-12 1.06501e-08
0.831764 22.8653 7.57764e-12 9.11032e-09
0.831764 24.7261 6.4818e-12 7.79283e-09
0.831764 26.7384 5.54421e-12 6.6656e-09
0.831764 28.9144 4.74208e-12 5.70123e-09
0.831764 31.2675 4.05588e-12 4.87624e-09
0.831764 33.8122 3.46889e-12 4.17052e-09
0.831764 36.5639 2.96679e-12 3.56687e-09
0.831764 39.5396 2.53732e-12 3.05053e-09
0.831764 42.7574 2.16998e-12 2.60889e-09
0.831764 46.2371 1.8558e-12 2.23117e-09
0.954993     1 3.66972e-10 3.84267e-07
0.954993 1.08138 2.84855e-10 2.9828e-07
0.954993 1.16939 2.61096e-10 2.73401e-07
0.954993 1.26456 2.40656e-10 2.51997e-07
0.954993 1.36747 2.20838e-10 2.31246e-07
0.954993 1.47876 2.01287e-10 2.10773e-07
0.954993 1.5991 1.82162e-10 1.90747e-07
0.954993 1.72924 1.63731e-10 1.71448e-07
0.954993 1.86997 1.46244e-10 1.53136e-07
0.954993 2.02216 1.29888e-10 1.36009e-07
0.954993 2.18672 1.14783e-10 1.20192e-07
0.954993 2.36469 1.00986e-10 1.05745e-07
0.954993 2.55713 8.85034e-11 9.26744e-08
0.954993 2.76524 7.73019e-11 8.0945e-08
0.954993 2.99028 6.73199e-11 7.04926e-08
0.954993 3.23364 5.84777e-11 6.12336e-08
0.954993 3.4968 5.0685e-11 5.30737e-08
0.954993 3.78138 4.38473e-11 4.59138e-08
0.954993 4.08911 3.78699e-11 3.96546e-08
0.954993 4.4219 3.26612e-11 3.42005e-08
0.954993 4.78176 2.81347e-11 2.94607e-08
0.954993 5.17092 2.42103e-11 2.53513e-08
0.954993 5.59174 2.08146e-11 2.17956e-08
0.954993 6.04681 1.78815e-11 1.87242e-08
0.954993 6.53891 1.53515e-11 1.6075e-08
0.954993 7.07107 1.3172e-11 1.37928e-08
0.954993 7.64653 1.12965e-11 1.18289e-08
0.954993 8.26882 9.68405e-12 1.01404e-08
0.954993 8.94176 8.29878e-12 8.68989e-09
0.954993 9.66947 7.10951e-12 7.44457e-09
0.954993 10.4564 6.08908e-12 6.37605e-09
0.954993 11.3074 5.21395e-12 5.45967e-09
0.954993 12.2276 4.46374e-12 4.67411e-09
0.954993 13.2227 3.82085e-12 4.00092e-09
0.954993 14.2988 3.27009e-12 3.42421e-09
0.954993 15.4625 2.79839e-12 2.93028e-09
0.954993 16.7209 2.39449e-12 2.50734e-09
0.954993 18.0816 2.0487e-12 2.14525e-09
0.954993 19.5532 1.75272e-12 1.83532e-09
0.954993 21.1445 1.4994e-12 1.57007e-09
0.954993 22.8653 1.28262e-12 1.34307e-09
0.954993 24.7261 1.09714e-12 1.14884e-09
0.954993 26.7384 9.38437e-13 9.82664e-10
0.954993 28.9144 8.02665e-13 8.40493e-10
0.954993 31.2675 6.86516e-13 7.1887e-10
0.954993 33.8122 5.8716e-13 6.14832e-10
0.954993 36.5639 5.02172e-13 5.25838e-10
0.954993 39.5396 4.29478e-13 4.49718e-10
0.954993 42.7574 3.67301e-13 3.84611e-10
0.954993 46.2371 3.14121e-13 3.28926e-10
1.09648     1 1.16832e-09 1.06552e-06
1.09648 1.08138 8.41872e-10 7.67796e-07
1.09648 1.16939 7.48555e-10 6.8269e-07
1.09648 1.26456 6.75929e-10 6.16454e-07
1.09648 1.36747 6.11217e-10 5.57436e-07
1.09648 1.47876 5.51154e-10 5.02658e-07
1.09648 1.5991 4.94857e-10 4.51315e-07
1.09648 1.72924 4.42196e-10 4.03287e-07
1.09648 1.86997 3.93262e-10 3.58659e-07
1.09648 2.02216 3.48163e-10 3.17529e-07
1.09648 2.18672 3.06947e-10 2.79939e-07
1.09648 2.36469 2.69581e-10 2.4586e-07
1.09648 2.55713 2.35954e-10 2.15193e-07
1.09648 2.76524 2.05895e-10 1.87778e-07
1.09648 2.99028 1.79182e-10 1.63416e-07
1.09648 3.23364 1.55567e-10 1.41879e-07
1.09648 3.4968 1.34786e-10 1.22926e-07
1.09648 3.78138 1.1657e-10 1.06313e-07
1.09648 4.08911 1.00658e-10 9.18013e-08
1.09648 4.4219 8.68004e-11 7.91629e-08
1.09648 4.78176 7.47626e-11 6.81843e-08
1.09648 5.17092 6.4329e-11 5.86688e-08
1.09648 5.59174 5.53031e-11 5.0437e-08
1.09648 6.04681 4.75078e-11 4.33277e-08
1.09648 6.53891 4.07849e-11 3.71963e-08
1.09648 7.07107 3.49939e-11 3.19148e-08
1.09648 7.64653 3.00107e-11 2.73701e-08
1.09648 8.26882 2.57266e-11 2.3463e-08
1.09648 8.94176 2.20463e-11 2.01065e-08
1.09648 9.66947 1.88868e-11 1.7225e-08
1.09648 10.4564 1.61759e-11 1.47526e-08
1.09648 11.3074 1.3851e-11 1.26323e-08
1.09648 12.2276 1.1858e-11 1.08147e-08
1.09648 13.2227 1.01502e-11 9.25706e-09
1.09648 14.2988 8.68706e-12 7.9227e-09
1.09648 15.4625 7.43397e-12 6.77986e-09
1.09648 16.7209 6.36099e-12 5.80129e-09
1.09648 18.0816 5.4424e-12 4.96353e-09
1.09648 19.5532 4.65611e-12 4.24643e-09
1.09648 21.1445 3.98317e-12 3.6327e-09
1.09648 22.8653 3.4073e-12 3.1075e-09
1.09648 24.7261 2.91455e-12 2.65811e-09
1.09648 26.7384 2.49297e-12 2.27361e-09
1.09648 28.9144 2.13229e-12 1.94467e-09
1.09648 31.2675 1.82373e-12 1.66327e-09
1.09648 33.8122 1.55979e-12 1.42255e-09
1.09648 36.5639 1.33402e-12 1.21664e-09
1.09648 39.5396 1.14091e-12 1.04052e-09
1.09648 42.7574 9.75738e-13 8.89883e-10
1.09648 46.2371 8.34466e-13 7.61042e-10
1.25893     1 1.68128e-09 1.33549e-06
1.25893 1.08138 1.37411e-09 1.0915e-06
1.25893 1.16939 1.25853e-09 9.99685e-07
1.25893 1.26456 1.15446e-09 9.17019e-07
1.25893 1.36747 1.0539e-09 8.37144e-07
1.25893 1.47876 9.56162e-10 7.59506e-07
1.25893 1.5991 8.62009e-10 6.84718e-07
1.25893 1.72924 7.7244e-10 6.13571e-07
1.25893 1.86997 6.88309e-10 5.46744e-07
1.25893 2.02216 6.10222e-10 4.84717e-07
1.25893 2.18672 5.38518e-10 4.2776e-07
1.25893 2.36469 4.73301e-10 3.75956e-07
1.25893 2.55713 4.1448e-10 3.29233e-07
1.25893 2.76524 3.61814e-10 2.87399e-07
1.25893 2.99028 3.14959e-10 2.50181e-07
1.25893 3.23364 2.73505e-10 2.17252e-07
1.25893 3.4968 2.37003e-10 1.88258e-07
1.25893 3.78138 2.04995e-10 1.62833e-07
1.25893 4.08911 1.77027e-10 1.40618e-07
1.25893 4.4219 1.52664e-10 1.21266e-07
1.25893 4.78176 1.31498e-10 1.04453e-07
1.25893 5.17092 1.1315e-10 8.98783e-08
1.25893 5.59174 9.72764e-11 7.72694e-08
1.25893 6.04681 8.35661e-11 6.63789e-08
1.25893 6.53891 7.17414e-11 5.69862e-08
1.25893 7.07107 6.15554e-11 4.88952e-08
1.25893 7.64653 5.27902e-11 4.19328e-08
1.25893 8.26882 4.52545e-11 3.5947e-08
1.25893 8.94176 3.87808e-11 3.08047e-08
1.25893 9.66947 3.32231e-11 2.63901e-08
1.25893 10.4564 2.84545e-11 2.26022e-08
1.25893 11.3074 2.43649e-11 1.93537e-08
1.25893 12.2276 2.08591e-11 1.6569e-08
1.25893 13.2227 1.78549e-11 1.41826e-08
1.25893 14.2988 1.52812e-11 1.21383e-08
1.25893 15.4625 1.30769e-11 1.03874e-08
1.25893 16.7209 1.11895e-11 8.8881e-09
1.25893 18.0816 9.57359e-12 7.60457e-09
1.25893 19.5532 8.19046e-12 6.50591e-09
1.25893 21.1445 7.0067e-12 5.56562e-09
1.25893 22.8653 5.99371e-12 4.76097e-09
1.25893 24.7261 5.12692e-12 4.07246e-09
1.25893 26.7384 4.38532e-12 3.48338e-09
1.25893 28.9144 3.75085e-12 2.97941e-09
1.25893 31.2675 3.20809e-12 2.54828e-09
1.25893 33.8122 2.7438e-12 2.17948e-09
1.25893 36.5639 2.34665e-12 1.86401e-09
1.25893 39.5396 2.00695e-12 1.59418e-09
1.25893 42.7574 1.7164e-12 1.36338e-09
1.25893 46.2371 1.46789e-12 1.16599e-09
1.44544     1 1.65324e-09 1.14376e-06
1.44544 1.08138 1.41758e-09 9.80723e-07
1.44544 1.16939 1.31658e-09 9.10851e-07
1.44544 1.26456 1.21756e-09 8.42346e-07
1.44544 1.36747 1.11734e-09 7.73009e-07
1.44544 1.47876 1.0173e-09 7.03802e-07
1.44544 1.5991 9.19384e-10 6.36058e-07
1.44544 1.72924 8.25283e-10 5.70957e-07
1.44544 1.86997 7.36311e-10 5.09403e-07
1.44544 2.02216 6.53363e-10 4.52017e-07
1.44544 2.18672 5.76965e-10 3.99162e-07
1.44544 2.36469 5.07332e-10 3.50988e-07
1.44544 2.55713 4.44434e-10 3.07473e-07
1.44544 2.76524 3.8806e-10 2.68472e-07
1.44544 2.99028 3.37869e-10 2.33749e-07
1.44544 3.23364 2.93439e-10 2.0301e-07
1.44544 3.4968 2.54302e-10 1.75934e-07
1.44544 3.78138 2.19974e-10 1.52185e-07
1.44544 4.08911 1.89973e-10 1.31429e-07
1.44544 4.4219 1.63835e-10 1.13346e-07
1.44544 4.78176 1.41124e-10 9.76338e-08
1.44544 5.17092 1.21435e-10 8.40127e-08
1.44544 5.59174 1.04401e-10 7.22278e-08
1.44544 6.04681 8.96875e-11 6.20486e-08
1.44544 6.53891 7.69972e-11 5.32691e-08
1.44544 7.07107 6.60654e-11 4.57061e-08
1.44544 7.64653 5.66583e-11 3.91979e-08
1.44544 8.26882 4.85706e-11 3.36026e-08
1.44544 8.94176 4.16226e-11 2.87958e-08
1.44544 9.66947 3.56577e-11 2.46691e-08
1.44544 10.4564 3.05397e-11 2.11283e-08
1.44544 11.3074 2.61504e-11 1.80917e-08
1.44544 12.2276 2.23877e-11 1.54885e-08
1.44544 13.2227 1.91633e-11 1.32578e-08
1.44544 14.2988 1.6401e-11 1.13467e-08
1.44544 15.4625 1.40352e-11 9.71001e-09
1.44544 16.7209 1.20095e-11 8.30852e-09
1.44544 18.0816 1.02752e-11 7.10869e-09
1.44544 19.5532 8.79069e-12 6.08167e-09
1.44544 21.1445 7.52018e-12 5.2027e-09
1.44544 22.8653 6.43295e-12 4.45051e-09
1.44544 24.7261 5.50265e-12 3.8069e-09
1.44544 26.7384 4.70669e-12 3.25623e-09
1.44544 28.9144 4.02573e-12 2.78513e-09
1.44544 31.2675 3.44319e-12 2.38211e-09
1.44544 33.8122 2.94487e-12 2.03736e-09
1.44544 36.5639 2.51862e-12 1.74246e-09
1.44544 39.5396 2.15403e-12 1.49022e-09
1.44544 42.7574 1.84218e-12 1.27448e-09
1.44544 46.2371 1.57546e-12 1.08995e-09
1.65959     1 1.76305e-09 1.06234e-06
1.65959 1.08138 1.81877e-09 1.09592e-06
1.65959 1.16939 1.79974e-09 1.08445e-06
1.65959 1.26456 1.73133e-09 1.04323e-06
1.65959 1.36747 1.63149e-09 9.83072e-07
1.65959 1.47876 1.51306e-09 9.11707e-07
1.65959 1.5991 1.3854e-09 8.34785e-07
1.65959 1.72924 1.25531e-09  7.564e-07
1.65959 1.86997 1.12759e-09 6.79443e-07
1.65959 2.02216 1.00551e-09 6.05879e-07
1.65959 2.18672 8.91133e-10 5.36961e-07
1.65959 2.36469 7.85646e-10 4.73399e-07
1.65959 2.55713 6.89571e-10 4.15507e-07
1.65959 2.76524 6.02953e-10 3.63315e-07
1.65959 2.99028 5.25512e-10 3.16652e-07
1.65959 3.23364 4.56753e-10 2.75221e-07
1.65959 3.4968 3.96055e-10 2.38647e-07
1.65959 3.78138 3.42732e-10 2.06516e-07
1.65959 4.08911 2.96076e-10 1.78404e-07
1.65959 4.4219 2.55396e-10 1.53891e-07
1.65959 4.78176 2.20028e-10 1.3258e-07
1.65959 5.17092 1.89354e-10 1.14097e-07
1.65959 5.59174 1.62806e-10 9.81003e-08
1.65959 6.04681 1.3987e-10 8.42802e-08
1.65959 6.53891 1.20085e-10 7.23584e-08
1.65959 7.07107 1.03039e-10 6.20872e-08
1.65959 7.64653 8.83695e-11 5.32479e-08
1.65959 8.26882 7.57565e-11 4.56478e-08
1.65959 8.94176 6.49205e-11 3.91185e-08
1.65959 9.66947 5.56173e-11 3.35127e-08
1.65959 10.4564 4.76348e-11 2.87028e-08
1.65959 11.3074 4.07888e-11 2.45777e-08
1.65959 12.2276  3.492e-11 2.10414e-08
1.65959 13.2227 2.98907e-11 1.80109e-08
1.65959 14.2988 2.55822e-11 1.54148e-08
1.65959 15.4625 2.1892e-11 1.31913e-08
1.65959 16.7209 1.87323e-11 1.12873e-08
1.65959 18.0816 1.60272e-11 9.65733e-09
1.65959 19.5532 1.37117e-11 8.2621e-09
1.65959 21.1445  1.173e-11  7.068e-09
1.65959 22.8653 1.00341e-11 6.04614e-09
1.65959 24.7261 8.58301e-12 5.17178e-09
1.65959 26.7384 7.34148e-12 4.42368e-09
1.65959 28.9144 6.27932e-12 3.78367e-09
1.65959 31.2675 5.37068e-12 3.23616e-09
1.65959 33.8122 4.59341e-12 2.7678e-09
1.65959 36.5639 3.92854e-12 2.36718e-09
1.65959 39.5396 3.35985e-12 2.02451e-09
1.65959 42.7574 2.87343e-12 1.73141e-09
1.65959 46.2371 2.4574e-12 1.48073e-09
1.90546     1 2.05264e-09 1.07724e-06
1.90546 1.08138 2.49915e-09 1.31157e-06
1.90546 1.16939 2.62879e-09 1.37961e-06
1.90546 1.26456 2.62836e-09 1.37938e-06
1.90546 1.36747 2.54179e-09 1.33395e-06
1.90546 1.47876 2.39973e-09 1.2594e-06
1.90546 1.5991 2.22492e-09 1.16766e-06
1.90546 1.72924 2.03396e-09 1.06744e-06
1.90546 1.86997 1.83865e-09 9.64939e-07
1.90546 2.02216 1.64709e-09 8.64407e-07
1.90546 2.18672 1.46458e-09 7.6862e-07
1.90546 2.36469 1.29432e-09 6.79268e-07
1.90546 2.55713 1.13803e-09 5.97248e-07
1.90546 2.76524 9.96359e-10 5.22897e-07
1.90546 2.99028 8.69204e-10 4.56165e-07
1.90546 3.23364 7.55995e-10 3.96752e-07
1.90546 3.4968 6.5586e-10  3.442e-07
1.90546 3.78138 5.67765e-10 2.97967e-07
1.90546 4.08911 4.90609e-10 2.57475e-07
1.90546 4.4219 4.23283e-10 2.22142e-07
1.90546 4.78176 3.64718e-10 1.91407e-07
1.90546 5.17092 3.13906e-10 1.6474e-07
1.90546 5.59174 2.69917e-10 1.41654e-07
1.90546 6.04681 2.31905e-10 1.21705e-07
1.90546 6.53891 1.99109e-10 1.04494e-07
1.90546 7.07107 1.70851e-10 8.96638e-08
1.90546 7.64653 1.4653e-10 7.69001e-08
1.90546 8.26882 1.25618e-10 6.59252e-08
1.90546 8.94176 1.07651e-10 5.64961e-08
1.90546 9.66947 9.22253e-11 4.84005e-08
1.90546 10.4564 7.89891e-11 4.14541e-08
1.90546 11.3074 6.76372e-11 3.54965e-08
1.90546 12.2276 5.79056e-11 3.03893e-08
1.90546 13.2227 4.9566e-11 2.60126e-08
1.90546 14.2988 4.24215e-11 2.22631e-08
1.90546 15.4625 3.63024e-11 1.90518e-08
1.90546 16.7209 3.10627e-11 1.6302e-08
1.90546 18.0816 2.6577e-11 1.39478e-08
1.90546 19.5532 2.27374e-11 1.19327e-08
1.90546 21.1445 1.94512e-11 1.02081e-08
1.90546 22.8653 1.6639e-11 8.73229e-09
1.90546 24.7261 1.42328e-11 7.46947e-09
1.90546 26.7384 1.2174e-11 6.38901e-09
1.90546 28.9144 1.04127e-11 5.46466e-09
1.90546 31.2675 8.90593e-12 4.6739e-09
1.90546 33.8122 7.61702e-12 3.99747e-09
1.90546 36.5639 6.5145e-12 3.41886e-09
1.90546 39.5396 5.57147e-12 2.92395e-09
1.90546 42.7574 4.76487e-12 2.50064e-09
1.90546 46.2371 4.07499e-12 2.13859e-09
2.18776     1 1.72375e-09 7.87905e-07
2.18776 1.08138 1.9671e-09 8.99138e-07
2.18776 1.16939 1.98453e-09 9.07106e-07
2.18776 1.26456 1.92066e-09 8.7791e-07
2.18776 1.36747 1.81139e-09 8.27963e-07
2.18776 1.47876 1.67782e-09 7.66912e-07
2.18776 1.5991 1.53337e-09 7.00887e-07
2.18776 1.72924 1.38674e-09 6.33861e-07
2.18776 1.86997 1.24354e-09 5.68407e-07
2.18776 2.02216 1.10734e-09 5.06153e-07
2.18776 2.18672 9.8028e-10 4.48075e-07
2.18776 2.36469 8.63487e-10 3.9469e-07
2.18776 2.55713 7.57386e-10 3.46192e-07
2.18776 2.76524 6.61915e-10 3.02553e-07
2.18776 2.99028 5.76682e-10 2.63594e-07
2.18776 3.23364 5.01086e-10 2.2904e-07
2.18776 3.4968 4.34405e-10 1.98561e-07
2.18776 3.78138 3.75859e-10 1.71801e-07
2.18776 4.08911 3.24657e-10 1.48397e-07
2.18776 4.4219 2.80026e-10 1.27997e-07
2.18776 4.78176 2.41232e-10 1.10264e-07
2.18776 5.17092 2.07592e-10 9.48879e-08
2.18776 5.59174 1.78481e-10 8.15817e-08
2.18776 6.04681 1.53334e-10 7.0087e-08
2.18776 6.53891 1.31641e-10 6.01717e-08
2.18776 7.07107 1.12954e-10 5.16298e-08
2.18776 7.64653 9.68715e-11 4.42788e-08
2.18776 8.26882 8.30444e-11 3.79586e-08
2.18776 8.94176 7.11655e-11 3.25289e-08
2.18776 9.66947 6.09672e-11 2.78674e-08
2.18776 10.4564 5.22167e-11 2.38676e-08
2.18776 11.3074 4.47121e-11 2.04374e-08
2.18776 12.2276 3.82787e-11 1.74968e-08
2.18776 13.2227 3.27657e-11 1.49768e-08
2.18776 14.2988 2.80427e-11 1.2818e-08
2.18776 15.4625 2.39976e-11 1.0969e-08
2.18776 16.7209 2.0534e-11 9.38583e-09
2.18776 18.0816 1.75687e-11 8.03043e-09
2.18776 19.5532 1.50305e-11 6.87024e-09
2.18776 21.1445 1.28581e-11 5.8773e-09
2.18776 22.8653 1.09992e-11 5.02759e-09
2.18776 24.7261 9.40852e-12 4.30052e-09
2.18776 26.7384 8.04758e-12 3.67845e-09
2.18776 28.9144 6.88326e-12 3.14626e-09
2.18776 31.2675 5.88723e-12 2.69098e-09
2.18776 33.8122 5.0352e-12 2.30153e-09
2.18776 36.5639 4.30638e-12 1.9684e-09
2.18776 39.5396 3.68299e-12 1.68345e-09
2.18776 42.7574 3.14979e-12 1.43973e-09
2.18776 46.2371 2.69375e-12 1.23128e-09
2.51189     1 1.23316e-09 4.9093e-07
2.51189 1.08138 1.45948e-09 5.8103e-07
2.51189 1.16939 1.49611e-09 5.95613e-07
2.51189 1.26456 1.46344e-09 5.82608e-07
2.51189 1.36747 1.39037e-09 5.53518e-07
2.51189 1.47876 1.29452e-09 5.1536e-07
2.51189 1.5991 1.18742e-09 4.72722e-07
2.51189 1.72924 1.07669e-09 4.2864e-07
2.51189 1.86997 9.6734e-10 3.85105e-07
2.51189 2.02216 8.62575e-10 3.43397e-07
2.51189 2.18672 7.64361e-10 3.04298e-07
2.51189 2.36469 6.73782e-10 2.68237e-07
2.51189 2.55713 5.91305e-10 2.35403e-07
2.51189 2.76524 5.1697e-10 2.05809e-07
2.51189 2.99028 4.50529e-10 1.79359e-07
2.51189 3.23364 3.91552e-10 1.5588e-07
2.51189 3.4968 3.39499e-10 1.35157e-07
2.51189 3.78138 2.93777e-10 1.16955e-07
2.51189 4.08911 2.53778e-10 1.01031e-07
2.51189 4.4219 2.18903e-10 8.7147e-08
2.51189 4.78176 1.88585e-10 7.50772e-08
2.51189 5.17092 1.62292e-10 6.46098e-08
2.51189 5.59174 1.39537e-10 5.55508e-08
2.51189 6.04681 1.19879e-10 4.77246e-08
2.51189 6.53891 1.02921e-10 4.09735e-08
2.51189 7.07107 8.83109e-11 3.51572e-08
2.51189 7.64653 7.57379e-11 3.01518e-08
2.51189 8.26882 6.49277e-11 2.58482e-08
2.51189 8.94176 5.56404e-11 2.21509e-08
2.51189 9.66947 4.7667e-11 1.89766e-08
2.51189 10.4564 4.08256e-11 1.62529e-08
2.51189 11.3074 3.49581e-11 1.39171e-08
2.51189 12.2276 2.99283e-11 1.19147e-08
2.51189 13.2227 2.56179e-11 1.01987e-08
2.51189 14.2988 2.19252e-11 8.72859e-09
2.51189 15.4625 1.87626e-11 7.46953e-09
2.51189 16.7209 1.60545e-11 6.39142e-09
2.51189 18.0816 1.37361e-11 5.46844e-09
2.51189 19.5532 1.17516e-11 4.6784e-09
2.51189 21.1445 1.00532e-11 4.00224e-09
2.51189 22.8653 8.59972e-12 3.42361e-09
2.51189 24.7261 7.35607e-12 2.92851e-09
2.51189 26.7384 6.29202e-12 2.5049e-09
2.51189 28.9144 5.3817e-12 2.14249e-09
2.51189 31.2675 4.60294e-12 1.83247e-09
2.51189 33.8122 3.93678e-12 1.56726e-09
2.51189 36.5639 3.36696e-12 1.34041e-09
2.51189 39.5396 2.87956e-12 1.14637e-09
2.51189 42.7574 2.46268e-12 9.80409e-10
2.51189 46.2371 2.10612e-12 8.38461e-10
2.88403     1 8.33326e-10 2.88945e-07
2.88403 1.08138 1.05507e-09 3.65833e-07
2.88403 1.16939 1.1139e-09 3.86231e-07
2.88403 1.26456 1.11118e-09 3.85288e-07
2.88403 1.36747 1.07008e-09 3.71036e-07
2.88403 1.47876 1.00577e-09 3.48738e-07
2.88403 1.5991 9.28734e-10 3.22026e-07
2.88403 1.72924 8.46133e-10 2.93386e-07
2.88403 1.86997 7.62786e-10 2.64486e-07
2.88403 2.02216 6.81845e-10 2.36421e-07
2.88403 2.18672 6.05284e-10 2.09874e-07
2.88403 2.36469 5.34246e-10 1.85243e-07
2.88403 2.55713 4.69291e-10 1.62721e-07
2.88403 2.76524 4.10577e-10 1.42362e-07
2.88403 2.99028 3.5799e-10 1.24128e-07
2.88403 3.23364 3.11242e-10 1.07919e-07
2.88403 3.4968 2.69938e-10 9.35974e-08
2.88403 3.78138 2.3363e-10 8.10081e-08
2.88403 4.08911 2.01849e-10 6.99885e-08
2.88403 4.4219 1.74129e-10 6.03771e-08
2.88403 4.78176 1.50024e-10 5.20189e-08
2.88403 5.17092 1.29115e-10 4.47689e-08
2.88403 5.59174 1.11016e-10 3.84934e-08
2.88403 6.04681 9.53787e-11 3.30713e-08
2.88403 6.53891 8.18882e-11 2.83937e-08
2.88403 7.07107 7.02652e-11 2.43635e-08
2.88403 7.64653 6.02621e-11 2.08951e-08
2.88403 8.26882 5.16612e-11 1.79128e-08
2.88403 8.94176 4.42719e-11 1.53507e-08
2.88403 9.66947 3.79278e-11 1.3151e-08
2.88403 10.4564 3.24843e-11 1.12635e-08
2.88403 11.3074 2.78157e-11 9.64474e-09
2.88403 12.2276 2.38136e-11 8.25704e-09
2.88403 13.2227 2.03839e-11 7.06784e-09
2.88403 14.2988 1.74457e-11 6.04906e-09
2.88403 15.4625 1.49292e-11 5.17651e-09
2.88403 16.7209 1.27744e-11 4.42937e-09
2.88403 18.0816 1.09297e-11 3.78973e-09
2.88403 19.5532 9.35065e-12 3.24221e-09
2.88403 21.1445 7.99922e-12 2.77362e-09
2.88403 22.8653 6.84273e-12 2.37263e-09
2.88403 24.7261 5.85317e-12 2.02951e-09
2.88403 26.7384 5.00651e-12 1.73594e-09
2.88403 28.9144 4.28217e-12 1.48479e-09
2.88403 31.2675 3.66253e-12 1.26993e-09
2.88403 33.8122 3.13246e-12 1.08614e-09
2.88403 36.5639 2.67906e-12 9.28929e-10
2.88403 39.5396 2.29124e-12 7.94457e-10
2.88403 42.7574 1.95953e-12 6.79442e-10
2.88403 46.2371 1.67582e-12 5.81069e-10
3.31131     1 6.50007e-10 1.96299e-07
3.31131 1.08138 8.29529e-10 2.50514e-07
3.31131 1.16939 8.8002e-10 2.65762e-07
3.31131 1.26456 8.81138e-10 2.66099e-07
3.31131 1.36747 8.5095e-10 2.56983e-07
3.31131 1.47876 8.01519e-10 2.42055e-07
3.31131 1.5991 7.41306e-10 2.23871e-07
3.31131 1.72924 6.76175e-10 2.04202e-07
3.31131 1.86997 6.10104e-10 1.84249e-07
3.31131 2.02216 5.45718e-10 1.64804e-07
3.31131 2.18672 4.84674e-10 1.46369e-07
3.31131 2.36469 4.27943e-10 1.29237e-07
3.31131 2.55713 3.7601e-10 1.13553e-07
3.31131 2.76524 3.2903e-10 9.93655e-08
3.31131 2.99028 2.86928e-10 8.66509e-08
3.31131 3.23364 2.49485e-10 7.53432e-08
3.31131 3.4968 2.16393e-10 6.53497e-08
3.31131 3.78138 1.87298e-10 5.6563e-08
3.31131 4.08911 1.61826e-10 4.88707e-08
3.31131 4.4219 1.39607e-10 4.21606e-08
3.31131 4.78176 1.20283e-10 3.6325e-08
3.31131 5.17092 1.03521e-10 3.12627e-08
3.31131 5.59174 8.90106e-11 2.68808e-08
3.31131 6.04681 7.64734e-11 2.30946e-08
3.31131 6.53891 6.56574e-11 1.98282e-08
3.31131 7.07107 5.63384e-11 1.70139e-08
3.31131 7.64653 4.83181e-11 1.45918e-08
3.31131 8.26882 4.1422e-11 1.25092e-08
3.31131 8.94176 3.54973e-11  1.072e-08
3.31131 9.66947 3.04106e-11 9.18387e-09
3.31131 10.4564 2.6046e-11 7.86577e-09
3.31131 11.3074 2.23028e-11 6.73533e-09
3.31131 12.2276 1.90938e-11 5.76624e-09
3.31131 13.2227 1.63439e-11 4.93578e-09
3.31131 14.2988 1.3988e-11 4.22432e-09
3.31131 15.4625 1.19703e-11 3.61498e-09
3.31131 16.7209 1.02426e-11 3.09322e-09
3.31131 18.0816 8.76349e-12 2.64653e-09
3.31131 19.5532 7.4974e-12 2.26418e-09
3.31131 21.1445 6.41381e-12 1.93694e-09
3.31131 22.8653 5.48654e-12 1.65691e-09
3.31131 24.7261 4.6931e-12 1.41729e-09
3.31131 26.7384 4.01425e-12 1.21228e-09
3.31131 28.9144 3.43347e-12 1.03689e-09
3.31131 31.2675 2.93663e-12 8.86849e-10
3.31131 33.8122 2.51163e-12 7.58499e-10
3.31131 36.5639 2.14808e-12 6.48711e-10
3.31131 39.5396 1.83713e-12 5.54804e-10
3.31131 42.7574 1.57116e-12 4.74483e-10
3.31131 46.2371 1.34368e-12 4.05786e-10
3.80189     1 2.44292e-10 6.42553e-08
3.80189 1.08138 4.52093e-10 1.18913e-07
3.80189 1.16939 5.61532e-10 1.47698e-07
3.80189 1.26456 6.19171e-10 1.62858e-07
3.80189 1.36747 6.33507e-10 1.66629e-07
3.80189 1.47876 6.17049e-10  1.623e-07
3.80189 1.5991 5.8163e-10 1.52984e-07
3.80189 1.72924 5.36155e-10 1.41023e-07
3.80189 1.86997 4.86572e-10 1.27981e-07
3.80189 2.02216 4.36587e-10 1.14834e-07
3.80189 2.18672  3.884e-10 1.0216e-07
3.80189 2.36469 3.4324e-10 9.02814e-08
3.80189 2.55713 3.01725e-10 7.93618e-08
3.80189 2.76524 2.64087e-10 6.9462e-08
3.80189 2.99028 2.30321e-10 6.05806e-08
3.80189 3.23364 2.00275e-10 5.26778e-08
3.80189 3.4968 1.73714e-10 4.56915e-08
3.80189 3.78138 1.50358e-10 3.95483e-08
3.80189 4.08911 1.2991e-10 3.41699e-08
3.80189 4.4219 1.12073e-10 2.94781e-08
3.80189 4.78176 9.65599e-11 2.53979e-08
3.80189 5.17092 8.31031e-11 2.18583e-08
3.80189 5.59174 7.14547e-11 1.87945e-08
3.80189 6.04681 6.13901e-11 1.61472e-08
3.80189 6.53891 5.27073e-11 1.38634e-08
3.80189 7.07107 4.52262e-11 1.18957e-08
3.80189 7.64653 3.87878e-11 1.02022e-08
3.80189 8.26882 3.32519e-11 8.74614e-09
3.80189 8.94176 2.84958e-11 7.49515e-09
3.80189 9.66947 2.44124e-11 6.42111e-09
3.80189 10.4564 2.09086e-11 5.49953e-09
3.80189 11.3074 1.79037e-11 4.70916e-09
3.80189 12.2276 1.53277e-11 4.0316e-09
3.80189 13.2227 1.31202e-11 3.45096e-09
3.80189 14.2988 1.1229e-11 2.95353e-09
3.80189 15.4625 9.60927e-12 2.52749e-09
3.80189 16.7209 8.22233e-12 2.16269e-09
3.80189 18.0816 7.03495e-12 1.85038e-09
3.80189 19.5532 6.01859e-12 1.58305e-09
3.80189 21.1445 5.14873e-12 1.35425e-09
3.80189 22.8653 4.40436e-12 1.15846e-09
3.80189 24.7261 3.76742e-12 9.90932e-10
3.80189 26.7384 3.22246e-12 8.47594e-10
3.80189 28.9144 2.75624e-12 7.24965e-10
3.80189 31.2675 2.3574e-12 6.2006e-10
3.80189 33.8122 2.01623e-12 5.30321e-10
3.80189 36.5639 1.72439e-12 4.53561e-10
3.80189 39.5396 1.47477e-12 3.87903e-10
3.80189 42.7574 1.26126e-12 3.31745e-10
3.80189 46.2371 1.07865e-12 2.83714e-10
4.36516     1 4.74202e-11 1.08633e-08
4.36516 1.08138 1.25098e-10 2.86584e-08
4.36516 1.16939 2.03066e-10 4.65197e-08
4.36516 1.26456 2.84678e-10 6.52159e-08
4.36516 1.36747 3.53456e-10 8.09722e-08
4.36516 1.47876 3.95769e-10 9.06655e-08
4.36516 1.5991 4.08731e-10 9.3635e-08
4.36516 1.72924 3.98386e-10 9.1265e-08
4.36516 1.86997 3.73466e-10 8.55562e-08
4.36516 2.02216 3.41283e-10 7.81834e-08
4.36516 2.18672 3.06691e-10 7.02589e-08
4.36516 2.36469 2.7252e-10 6.24307e-08
4.36516 2.55713 2.40262e-10 5.5041e-08
4.36516 2.76524 2.10619e-10  4.825e-08
4.36516 2.99028 1.83838e-10 4.21149e-08
4.36516 3.23364 1.59923e-10 3.66361e-08
4.36516 3.4968 1.38742e-10 3.17839e-08
4.36516 3.78138  1.201e-10 2.75133e-08
4.36516 4.08911 1.03771e-10 2.37726e-08
4.36516 4.4219 8.95243e-11 2.05088e-08
4.36516 4.78176 7.71329e-11 1.76701e-08
4.36516 5.17092 6.63833e-11 1.52075e-08
4.36516 5.59174 5.70783e-11 1.30759e-08
4.36516 6.04681 4.90384e-11 1.12341e-08
4.36516 6.53891 4.21024e-11 9.64511e-09
4.36516 7.07107 3.61265e-11 8.2761e-09
4.36516 7.64653 3.09834e-11 7.09789e-09
4.36516 8.26882 2.65613e-11 6.08484e-09
4.36516 8.94176 2.27621e-11 5.2145e-09
4.36516 9.66947 1.95003e-11 4.46727e-09
4.36516 10.4564 1.67016e-11 3.82611e-09
4.36516 11.3074 1.43013e-11 3.27623e-09
4.36516 12.2276 1.22436e-11 2.80484e-09
4.36516 13.2227 1.04802e-11 2.40088e-09
4.36516 14.2988 8.96957e-12 2.05481e-09
4.36516 15.4625 7.67575e-12 1.75841e-09
4.36516 16.7209 6.56788e-12 1.50461e-09
4.36516 18.0816 5.61942e-12 1.28733e-09
4.36516 19.5532 4.80756e-12 1.10135e-09
4.36516 21.1445 4.11273e-12 9.42173e-10
4.36516 22.8653 3.51813e-12 8.05958e-10
4.36516 24.7261 3.00936e-12 6.89404e-10
4.36516 26.7384 2.57406e-12 5.89682e-10
4.36516 28.9144 2.20164e-12 5.04368e-10
4.36516 31.2675 1.88306e-12 4.31384e-10
4.36516 33.8122 1.61053e-12 3.68951e-10
4.36516 36.5639 1.37742e-12 3.15548e-10
4.36516 39.5396 1.17802e-12 2.69869e-10
4.36516 42.7574 1.00748e-12  2.308e-10
4.36516 46.2371 8.6161e-13 1.97383e-10
5.01187     1 2.20932e-11 4.40817e-09
5.01187 1.08138 6.17274e-11 1.23162e-08
5.01187 1.16939 1.06676e-10 2.12846e-08
5.01187 1.26456 1.6162e-10 3.22474e-08
5.01187 1.36747 2.18286e-10 4.35537e-08
5.01187 1.47876 2.64127e-10 5.27002e-08
5.01187 1.5991 2.89961e-10 5.78547e-08
5.01187 1.72924 2.9482e-10 5.88244e-08
5.01187 1.86997 2.83823e-10 5.66301e-08
5.01187 2.02216 2.63463e-10 5.25677e-08
5.01187 2.18672 2.38868e-10 4.76605e-08
5.01187 2.36469 2.13293e-10 4.25575e-08
5.01187 2.55713 1.88542e-10 3.76191e-08
5.01187 2.76524 1.65511e-10 3.30237e-08
5.01187 2.99028 1.44571e-10 2.88457e-08
5.01187 3.23364 1.2581e-10 2.51025e-08
5.01187 3.4968 1.09168e-10 2.17818e-08
5.01187 3.78138 9.45076e-11 1.88567e-08
5.01187 4.08911 8.16615e-11 1.62936e-08
5.01187 4.4219 7.0451e-11 1.40568e-08
5.01187 4.78176 6.06997e-11 1.21112e-08
5.01187 5.17092 5.22401e-11 1.04233e-08
5.01187 5.59174 4.49174e-11 8.9622e-09
5.01187 6.04681 3.85903e-11 7.69978e-09
5.01187 6.53891 3.3132e-11 6.6107e-09
5.01187 7.07107 2.84292e-11 5.67237e-09
5.01187 7.64653 2.43819e-11 4.86482e-09
5.01187 8.26882 2.09019e-11 4.17048e-09
5.01187 8.94176 1.79122e-11 3.57395e-09
5.01187 9.66947 1.53454e-11 3.06181e-09
5.01187 10.4564 1.31429e-11 2.62236e-09
5.01187 11.3074 1.12541e-11 2.24548e-09
5.01187 12.2276 9.6348e-12 1.9224e-09
5.01187 13.2227 8.24717e-12 1.64553e-09
5.01187 14.2988 7.05839e-12 1.40833e-09
5.01187 15.4625 6.04025e-12 1.20519e-09
5.01187 16.7209 5.16843e-12 1.03124e-09
5.01187 18.0816 4.42207e-12 8.82318e-10
5.01187 19.5532 3.7832e-12 7.54847e-10
5.01187 21.1445 3.23642e-12 6.4575e-10
5.01187 22.8653 2.76851e-12 5.52391e-10
5.01187 24.7261 2.36814e-12 4.72507e-10
5.01187 26.7384 2.02559e-12 4.04159e-10
5.01187 28.9144 1.73253e-12 3.45685e-10
5.01187 31.2675 1.48183e-12 2.95663e-10
5.01187 33.8122 1.26737e-12 2.52873e-10
5.01187 36.5639 1.08392e-12 2.16271e-10
5.01187 39.5396 9.27016e-13 1.84964e-10
5.01187 42.7574 7.92809e-13 1.58186e-10
5.01187 46.2371 6.78023e-13 1.35283e-10
5.7544     1 1.35674e-11 2.35774e-09
5.7544 1.08138 3.85902e-11 6.70621e-09
5.7544 1.16939 6.81067e-11 1.18356e-08
5.7544 1.26456 1.06173e-10 1.84508e-08
5.7544 1.36747 1.4844e-10 2.5796e-08
5.7544 1.47876 1.86137e-10 3.23469e-08
5.7544 1.5991 2.10791e-10 3.66312e-08
5.7544 1.72924 2.19352e-10 3.8119e-08
5.7544 1.86997 2.14434e-10 3.72643e-08
5.7544 2.02216 2.00914e-10 3.49149e-08
5.7544 2.18672 1.83135e-10 3.18253e-08
5.7544 2.36469 1.64011e-10 2.85018e-08
5.7544 2.55713 1.45209e-10 2.52344e-08
5.7544 2.76524 1.27577e-10 2.21703e-08
5.7544 2.99028 1.11483e-10 1.93736e-08
5.7544 3.23364 9.70368e-11 1.68631e-08
5.7544 3.4968 8.42085e-11 1.46338e-08
5.7544 3.78138 7.2903e-11 1.26691e-08
5.7544 4.08911 6.29944e-11 1.09472e-08
5.7544 4.4219 5.43466e-11 9.44435e-09
5.7544 4.78176 4.68241e-11 8.1371e-09
5.7544 5.17092 4.02981e-11 7.00301e-09
5.7544 5.59174 3.46492e-11 6.02133e-09
5.7544 6.04681 2.97683e-11 5.17314e-09
5.7544 6.53891 2.55577e-11 4.44141e-09
5.7544 7.07107 2.19299e-11 3.81098e-09
5.7544 7.64653 1.88078e-11 3.26842e-09
5.7544 8.26882 1.61234e-11 2.80192e-09
5.7544 8.94176 1.38171e-11 2.40115e-09
5.7544 9.66947 1.18371e-11 2.05706e-09
5.7544 10.4564 1.01382e-11 1.76182e-09
5.7544 11.3074 8.68116e-12 1.50861e-09
5.7544 12.2276 7.43209e-12 1.29155e-09
5.7544 13.2227 6.36169e-12 1.10554e-09
5.7544 14.2988 5.4447e-12 9.4618e-10
5.7544 15.4625 4.65932e-12 8.09697e-10
5.7544 16.7209 3.98682e-12 6.9283e-10
5.7544 18.0816 3.41109e-12 5.92779e-10
5.7544 19.5532 2.91828e-12 5.07138e-10
5.7544 21.1445 2.4965e-12 4.33842e-10
5.7544 22.8653 2.13557e-12 3.7112e-10
5.7544 24.7261 1.82673e-12 3.1745e-10
5.7544 26.7384 1.5625e-12 2.71531e-10
5.7544 28.9144 1.33644e-12 2.32246e-10
5.7544 31.2675 1.14305e-12 1.98639e-10
5.7544 33.8122 9.77621e-13 1.69891e-10
5.7544 36.5639 8.36116e-13  1.453e-10
5.7544 39.5396 7.1508e-13 1.24267e-10
5.7544 42.7574 6.11556e-13 1.06276e-10
5.7544 46.2371 5.23012e-13 9.08891e-11
6.60693     1 9.46531e-12 1.43263e-09
6.60693 1.08138 2.70505e-11 4.09426e-09
6.60693 1.16939 4.80072e-11 7.26618e-09
6.60693 1.26456 7.54178e-11 1.14149e-08
6.60693 1.36747 1.06456e-10 1.61128e-08
6.60693 1.47876 1.34865e-10 2.04126e-08
6.60693 1.5991 1.5414e-10  2.333e-08
6.60693 1.72924 1.61532e-10 2.44488e-08
6.60693 1.86997 1.58653e-10 2.40131e-08
6.60693 2.02216 1.49074e-10 2.25632e-08
6.60693 2.18672  1.361e-10 2.05995e-08
6.60693 2.36469 1.21991e-10 1.84641e-08
6.60693 2.55713 1.08053e-10 1.63545e-08
6.60693 2.76524 9.49527e-11 1.43717e-08
6.60693 2.99028 8.29823e-11 1.25599e-08
6.60693 3.23364 7.22313e-11 1.09327e-08
6.60693 3.4968 6.26826e-11 9.4874e-09
6.60693 3.78138 5.42668e-11 8.21361e-09
6.60693 4.08911 4.68906e-11 7.09718e-09
6.60693 4.4219 4.0453e-11 6.12281e-09
6.60693 4.78176 3.48533e-11 5.27526e-09
6.60693 5.17092 2.99955e-11   4.54e-09
6.60693 5.59174 2.57906e-11 3.90356e-09
6.60693 6.04681 2.21575e-11 3.35367e-09
6.60693 6.53891 1.90233e-11 2.87929e-09
6.60693 7.07107 1.6323e-11 2.47058e-09
6.60693 7.64653 1.39991e-11 2.11885e-09
6.60693 8.26882 1.2001e-11 1.81643e-09
6.60693 8.94176 1.02844e-11 1.55661e-09
6.60693 9.66947 8.81063e-12 1.33354e-09
6.60693 10.4564 7.54607e-12 1.14214e-09
6.60693 11.3074 6.46156e-12 9.77996e-10
6.60693 12.2276 5.53185e-12 8.37279e-10
6.60693 13.2227 4.73513e-12 7.16691e-10
6.60693 14.2988 4.05259e-12 6.13384e-10
6.60693 15.4625 3.46802e-12 5.24906e-10
6.60693 16.7209 2.96746e-12 4.49144e-10
6.60693 18.0816 2.53893e-12 3.84283e-10
6.60693 19.5532 2.17213e-12 3.28765e-10
6.60693 21.1445 1.85819e-12 2.81249e-10
6.60693 22.8653 1.58954e-12 2.40587e-10
6.60693 24.7261 1.35967e-12 2.05795e-10
6.60693 26.7384  1.163e-12 1.76026e-10
6.60693 28.9144 9.94734e-13 1.50559e-10
6.60693 31.2675 8.50792e-13 1.28773e-10
6.60693 33.8122 7.27661e-13 1.10136e-10
6.60693 36.5639 6.22336e-13 9.41944e-11
6.60693 39.5396 5.32247e-13 8.05588e-11
6.60693 42.7574 4.55192e-13 6.88961e-11
6.60693 46.2371 3.89287e-13 5.8921e-11
7.58578     1 7.08481e-12 9.33959e-10
7.58578 1.08138 2.01676e-11 2.65861e-09
7.58578 1.16939 3.56077e-11  4.694e-09
7.58578 1.26456 5.55176e-11 7.31864e-09
7.58578 1.36747 7.75994e-11 1.02296e-08
7.58578 1.47876 9.72399e-11 1.28187e-08
7.58578 1.5991 1.10011e-10 1.45022e-08
7.58578 1.72924 1.14356e-10 1.5075e-08
7.58578 1.86997 1.11682e-10 1.47225e-08
7.58578 2.02216 1.04556e-10 1.37832e-08
7.58578 2.18672 9.52445e-11 1.25557e-08
7.58578 2.36469 8.52584e-11 1.12392e-08
7.58578 2.55713 7.54586e-11 9.94738e-09
7.58578 2.76524 6.62794e-11 8.73733e-09
7.58578 2.99028 5.79079e-11 7.63375e-09
7.58578 3.23364 5.03971e-11 6.64363e-09
7.58578 3.4968 4.37303e-11 5.76477e-09
7.58578 3.78138 3.78565e-11 4.99046e-09
7.58578 4.08911 3.27095e-11 4.31195e-09
7.58578 4.4219 2.8218e-11 3.71986e-09
7.58578 4.78176 2.43115e-11 3.20488e-09
7.58578 5.17092 2.09227e-11 2.75815e-09
7.58578 5.59174 1.79895e-11 2.37148e-09
7.58578 6.04681 1.54552e-11 2.03739e-09
7.58578 6.53891 1.3269e-11 1.74919e-09
7.58578 7.07107 1.13855e-11 1.5009e-09
7.58578 7.64653 9.7645e-12 1.28721e-09
7.58578 8.26882 8.3708e-12 1.10349e-09
7.58578 8.94176 7.17344e-12 9.45644e-10
7.58578 9.66947 6.14547e-12 8.10131e-10
7.58578 10.4564 5.26343e-12 6.93855e-10
7.58578 11.3074 4.50697e-12 5.94134e-10
7.58578 12.2276 3.85849e-12 5.08648e-10
7.58578 13.2227 3.30277e-12 4.35391e-10
7.58578 14.2988 2.8267e-12 3.72632e-10
7.58578 15.4625 2.41896e-12 3.18881e-10
7.58578 16.7209 2.06982e-12 2.72855e-10
7.58578 18.0816 1.77092e-12 2.33452e-10
7.58578 19.5532 1.51507e-12 1.99725e-10
7.58578 21.1445 1.2961e-12 1.70859e-10
7.58578 22.8653 1.10871e-12 1.46157e-10
7.58578 24.7261 9.48376e-13 1.2502e-10
7.58578 26.7384 8.11193e-13 1.06936e-10
7.58578 28.9144 6.93831e-13 9.14647e-11
7.58578 31.2675 5.93431e-13 7.82294e-11
7.58578 33.8122 5.07546e-13 6.69076e-11
7.58578 36.5639 4.34082e-13 5.72231e-11
7.58578 39.5396 3.71244e-13 4.89395e-11
7.58578 42.7574 3.17498e-13 4.18544e-11
7.58578 46.2371 2.71529e-13 3.57945e-11
8.70964     1 5.5057e-12 6.32139e-10
8.70964 1.08138 1.52886e-11 1.75537e-09
8.70964 1.16939 2.61867e-11 3.00664e-09
8.70964 1.26456 3.91567e-11 4.49579e-09
8.70964 1.36747 5.2018e-11 5.97247e-09
8.70964 1.47876 6.18524e-11 7.1016e-09
8.70964 1.5991 6.68539e-11 7.67586e-09
8.70964 1.72924 6.7161e-11 7.71111e-09
8.70964 1.86997 6.41123e-11 7.36108e-09
8.70964 2.02216 5.91823e-11 6.79504e-09
8.70964 2.18672 5.34658e-11 6.1387e-09
8.70964 2.36469 4.76324e-11 5.46893e-09
8.70964 2.55713 4.20435e-11 4.82724e-09
8.70964 2.76524 3.68726e-11 4.23354e-09
8.70964 2.99028 3.21874e-11 3.6956e-09
8.70964 3.23364 2.79986e-11 3.21467e-09
8.70964 3.4968 2.42878e-11 2.78861e-09
8.70964 3.78138 2.10219e-11 2.41364e-09
8.70964 4.08911 1.81619e-11 2.08526e-09
8.70964 4.4219 1.5667e-11 1.79881e-09
8.70964 4.78176 1.34975e-11 1.54972e-09
8.70964 5.17092 1.16158e-11 1.33367e-09
8.70964 5.59174 9.98716e-12 1.14668e-09
8.70964 6.04681 8.58012e-12 9.8513e-10
8.70964 6.53891 7.36636e-12 8.45771e-10
8.70964 7.07107 6.32067e-12 7.2571e-10
8.70964 7.64653 5.42077e-12 6.22387e-10
8.70964 8.26882 4.64704e-12 5.33551e-10
8.70964 8.94176 3.98232e-12 4.57232e-10
8.70964 9.66947 3.41164e-12 3.91709e-10
8.70964 10.4564 2.92197e-12 3.35487e-10
8.70964 11.3074 2.50203e-12 2.87271e-10
8.70964 12.2276 2.14202e-12 2.45937e-10
8.70964 13.2227 1.83352e-12 2.10516e-10
8.70964 14.2988 1.56923e-12 1.80172e-10
8.70964 15.4625 1.34287e-12 1.54182e-10
8.70964 16.7209 1.14905e-12 1.31929e-10
8.70964 18.0816 9.83116e-13 1.12877e-10
8.70964 19.5532 8.41081e-13 9.65691e-11
8.70964 21.1445 7.19521e-13 8.26121e-11
8.70964 22.8653 6.15496e-13 7.06684e-11
8.70964 24.7261 5.26486e-13 6.04487e-11
8.70964 26.7384 4.5033e-13 5.17048e-11
8.70964 28.9144 3.85176e-13 4.42242e-11
8.70964 31.2675 3.2944e-13 3.78247e-11
8.70964 33.8122 2.81761e-13 3.23505e-11
8.70964 36.5639 2.40978e-13 2.7668e-11
8.70964 39.5396 2.06094e-13 2.36628e-11
8.70964 42.7574 1.76257e-13 2.02371e-11
8.70964 46.2371 1.50738e-13 1.7307e-11
