 0.01     1    0.11688      11688
 0.01 1.08138    0.06545       6545
 0.01 1.16939  0.0547287    5472.87
 0.01 1.26456  0.0477314    4773.14
 0.01 1.36747  0.0422119    4221.19
 0.01 1.47876  0.0374947    3749.47
 0.01 1.5991  0.0333127    3331.27
 0.01 1.72924  0.0295461    2954.61
 0.01 1.86997  0.0261357    2613.57
 0.01 2.02216  0.0230486    2304.86
 0.01 2.18672  0.0202626    2026.26
 0.01 2.36469  0.0177592    1775.92
 0.01 2.55713  0.0155205    1552.05
 0.01 2.76524  0.0135283    1352.83
 0.01 2.99028  0.0117636    1176.36
 0.01 3.23364  0.0102072    1020.72
 0.01 3.4968 0.00883977    883.977
 0.01 3.78138 0.00764267    764.267
 0.01 4.08911  0.0065979     659.79
 0.01 4.4219 0.00568858    568.858
 0.01 4.78176 0.00489905    489.905
 0.01 5.17092 0.00421497    421.497
 0.01 5.59174 0.00362333    362.333
 0.01 6.04681 0.00311245    311.245
 0.01 6.53891  0.0026719     267.19
 0.01 7.07107 0.00229246    229.246
 0.01 7.64653 0.00196598    196.598
 0.01 8.26882  0.0016853     168.53
 0.01 8.94176  0.0014442     144.42
 0.01 9.66947 0.00123722    123.722
 0.01 10.4564 0.00105963    105.963
 0.01 11.3074 0.00090733     90.733
 0.01 12.2276 0.000776775    77.6775
 0.01 13.2227 0.000664897    66.4897
 0.01 14.2988 0.000569054    56.9054
 0.01 15.4625 0.000486969    48.6969
 0.01 16.7209 0.000416682    41.6682
 0.01 18.0816 0.000356508    35.6508
 0.01 19.5532 0.000305002    30.5002
 0.01 21.1445 0.00026092     26.092
 0.01 22.8653 0.000223198    22.3198
 0.01 24.7261 0.00019092     19.092
 0.01 26.7384 0.000163303    16.3303
 0.01 28.9144 0.000139677    13.9677
 0.01 31.2675 0.000119465    11.9465
 0.01 33.8122 0.000102175    10.2175
 0.01 36.5639 8.73861e-05    8.73861
 0.01 39.5396 7.47361e-05    7.47361
 0.01 42.7574 6.39163e-05    6.39163
 0.01 46.2371 5.46622e-05    5.46622
0.0114815     1   0.101395    8831.15
0.0114815 1.08138  0.0567785     4945.2
0.0114815 1.16939  0.0474782    4135.18
0.0114815 1.26456  0.0414086    3606.54
0.0114815 1.36747   0.036621    3189.55
0.0114815 1.47876  0.0325292    2833.17
0.0114815 1.5991  0.0289015    2517.22
0.0114815 1.72924   0.025634    2232.63
0.0114815 1.86997  0.0226755    1974.95
0.0114815 2.02216  0.0199973    1741.69
0.0114815 2.18672  0.0175802    1531.18
0.0114815 2.36469  0.0154083    1342.01
0.0114815 2.55713  0.0134661    1172.85
0.0114815 2.76524  0.0117376     1022.3
0.0114815 2.99028  0.0102065    888.952
0.0114815 3.23364 0.00885613    771.337
0.0114815 3.4968 0.00766974    668.007
0.0114815 3.78138 0.00663109    577.544
0.0114815 4.08911 0.00572462    498.593
0.0114815 4.4219 0.00493566    429.878
0.0114815 4.78176 0.00425063    370.215
0.0114815 5.17092  0.0036571     318.52
0.0114815 5.59174 0.00314376     273.81
0.0114815 6.04681  0.0027005    235.204
0.0114815 6.53891 0.00231826    201.912
0.0114815 7.07107 0.00198904    173.238
0.0114815 7.64653 0.00170577    148.566
0.0114815 8.26882 0.00146225    127.356
0.0114815 8.94176 0.00125305    109.136
0.0114815 9.66947 0.00107347     93.495
0.0114815 10.4564 0.000919381    80.0748
0.0114815 11.3074 0.00078724    68.5658
0.0114815 12.2276 0.000673965    58.6999
0.0114815 13.2227 0.000576895    50.2454
0.0114815 14.2988 0.000493737    43.0027
0.0114815 15.4625 0.000422516    36.7996
0.0114815 16.7209 0.000361532    31.4881
0.0114815 18.0816 0.000309323    26.9409
0.0114815 19.5532 0.000264634    23.0486
0.0114815 21.1445 0.000226386    19.7174
0.0114815 22.8653 0.000193656    16.8668
0.0114815 24.7261 0.000165651    14.4276
0.0114815 26.7384 0.000141689    12.3406
0.0114815 28.9144 0.00012119    10.5552
0.0114815 31.2675 0.000103653    9.02781
0.0114815 33.8122 8.86519e-05    7.72126
0.0114815 36.5639 7.58201e-05    6.60365
0.0114815 39.5396 6.48444e-05    5.64771
0.0114815 42.7574 5.54567e-05    4.83007
0.0114815 46.2371 4.74274e-05    4.13076
0.0131826     1  0.0880384     6678.4
0.0131826 1.08138  0.0492982    3739.65
0.0131826 1.16939   0.041224    3127.16
0.0131826 1.26456  0.0359549    2727.46
0.0131826 1.36747  0.0317987    2412.18
0.0131826 1.47876  0.0282465    2142.71
0.0131826 1.5991   0.025097     1903.8
0.0131826 1.72924  0.0222601     1688.6
0.0131826 1.86997  0.0196913    1493.74
0.0131826 2.02216  0.0173658    1317.33
0.0131826 2.18672   0.015267    1158.12
0.0131826 2.36469   0.013381    1015.05
0.0131826 2.55713  0.0116944    887.108
0.0131826 2.76524  0.0101934    773.246
0.0131826 2.99028 0.00886376    672.385
0.0131826 3.23364 0.00769104    583.425
0.0131826 3.4968 0.00666075    505.269
0.0131826 3.78138 0.00575875    436.846
0.0131826 4.08911 0.00497153    377.129
0.0131826 4.4219 0.00428636    325.154
0.0131826 4.78176 0.00369146    280.026
0.0131826 5.17092   0.003176    240.924
0.0131826 5.59174  0.0027302    207.107
0.0131826 6.04681 0.00234525    177.905
0.0131826 6.53891  0.0020133    152.724
0.0131826 7.07107 0.00172738    131.035
0.0131826 7.64653 0.00148138    112.374
0.0131826 8.26882 0.00126989    96.3308
0.0131826 8.94176 0.00108821    82.5495
0.0131826 9.66947 0.000932252    70.7185
0.0131826 10.4564 0.000798437    60.5677
0.0131826 11.3074 0.000683679    51.8624
0.0131826 12.2276 0.000585305    44.3999
0.0131826 13.2227 0.000501004    38.0051
0.0131826 14.2988 0.000428786    32.5268
0.0131826 15.4625 0.000366934    27.8348
0.0131826 16.7209 0.000313972    23.8172
0.0131826 18.0816 0.000268632    20.3778
0.0131826 19.5532 0.000229821    17.4337
0.0131826 21.1445 0.000196605     14.914
0.0131826 22.8653 0.000168181    12.7578
0.0131826 24.7261 0.000143859    10.9129
0.0131826 26.7384 0.00012305    9.33431
0.0131826 28.9144 0.000105247    7.98383
0.0131826 31.2675 9.00177e-05    6.82854
0.0131826 33.8122 7.69898e-05    5.84027
0.0131826 36.5639 6.5846e-05    4.99493
0.0131826 39.5396 5.63142e-05    4.27187
0.0131826 42.7574 4.81614e-05    3.65342
0.0131826 46.2371 4.11884e-05    3.12446
0.0151356     1  0.0764903    5053.67
0.0151356 1.08138  0.0428301    2829.75
0.0151356 1.16939  0.0358162    2366.35
0.0151356 1.26456  0.0312394    2063.97
0.0151356 1.36747  0.0276294    1825.46
0.0151356 1.47876  0.0245438    1621.59
0.0151356 1.5991  0.0218079    1440.83
0.0151356 1.72924  0.0193433       1278
0.0151356 1.86997  0.0171115    1130.54
0.0151356 2.02216  0.0150909    997.048
0.0151356 2.18672  0.0132673     876.56
0.0151356 2.36469  0.0116284    768.283
0.0151356 2.55713  0.0101628     671.45
0.0151356 2.76524 0.00885845    585.272
0.0151356 2.99028 0.00770301    508.933
0.0151356 3.23364 0.00668389      441.6
0.0151356 3.4968 0.00578853    382.445
0.0151356 3.78138 0.00500466    330.655
0.0151356 4.08911 0.00432053    285.455
0.0151356 4.4219 0.00372509    246.114
0.0151356 4.78176 0.00320809    211.956
0.0151356 5.17092 0.00276013     182.36
0.0151356 5.59174  0.0023727    156.763
0.0151356 6.04681 0.00203816     134.66
0.0151356 6.53891 0.00174967      115.6
0.0151356 7.07107  0.0015012    99.1832
0.0151356 7.64653  0.0012874    85.0579
0.0151356 8.26882 0.00110361    72.9147
0.0151356 8.94176 0.000945723    62.4833
0.0151356 9.66947 0.000810183    53.5282
0.0151356 10.4564 0.00069389    45.8448
0.0151356 11.3074 0.000594158    39.2556
0.0151356 12.2276 0.000508665    33.6072
0.0151356 13.2227 0.000435403    28.7668
0.0151356 14.2988 0.000372641    24.6201
0.0151356 15.4625 0.000318888    21.0687
0.0151356 16.7209 0.000272861    18.0277
0.0151356 18.0816 0.000233457    15.4243
0.0151356 19.5532 0.000199728    13.1959
0.0151356 21.1445 0.000170862    11.2887
0.0151356 22.8653 0.000146159    9.65666
0.0151356 24.7261 0.000125022    8.26015
0.0151356 26.7384 0.000106938    7.06532
0.0151356 28.9144 9.14663e-05    6.04312
0.0151356 31.2675 7.82307e-05    5.16865
0.0151356 33.8122 6.69087e-05    4.42062
0.0151356 36.5639 5.72241e-05    3.78076
0.0151356 39.5396 4.89404e-05    3.23346
0.0151356 42.7574 4.18551e-05    2.76534
0.0151356 46.2371 3.57952e-05    2.36496
0.017378     1  0.0664876    3825.96
0.017378 1.08138  0.0372267    2142.17
0.017378 1.16939  0.0311315    1791.43
0.017378 1.26456  0.0271547    1562.59
0.017378 1.36747  0.0240179    1382.09
0.017378 1.47876  0.0213367     1227.8
0.017378 1.5991  0.0189591    1090.98
0.017378 1.72924   0.016817    967.719
0.017378 1.86997  0.0148771     856.09
0.017378 2.02216  0.0131208    755.021
0.017378 2.18672  0.0115354    663.793
0.017378 2.36469  0.0101107    581.807
0.017378 2.55713 0.00883643    508.483
0.017378 2.76524 0.00770238    443.226
0.017378 2.99028 0.00669778    385.417
0.017378 3.23364 0.00581169    334.428
0.017378 3.4968 0.00503319     289.63
0.017378 3.78138 0.00435162     250.41
0.017378 4.08911 0.00375677    216.179
0.017378 4.4219 0.00323903    186.387
0.017378 4.78176 0.00278949    160.518
0.017378 5.17092 0.00239998    138.105
0.017378 5.59174 0.00206311     118.72
0.017378 6.04681 0.00177222    101.981
0.017378 6.53891 0.00152138    87.5461
0.017378 7.07107 0.00130532    75.1135
0.017378 7.64653 0.00111942    64.4161
0.017378 8.26882 0.00095961    55.2198
0.017378 8.94176 0.000822326    47.3199
0.017378 9.66947 0.000704471    40.5381
0.017378 10.4564 0.000603351    34.7193
0.017378 11.3074 0.000516633    29.7291
0.017378 12.2276 0.000442295    25.4514
0.017378 13.2227 0.000378592    21.7857
0.017378 14.2988 0.000324019    18.6453
0.017378 15.4625 0.00027728    15.9558
0.017378 16.7209 0.000237258    13.6528
0.017378 18.0816 0.000202996    11.6812
0.017378 19.5532 0.000173668    9.99355
0.017378 21.1445 0.000148568    8.54919
0.017378 22.8653 0.000127089    7.31319
0.017378 24.7261 0.00010871    6.25559
0.017378 26.7384 9.29848e-05    5.35072
0.017378 28.9144 7.95319e-05    4.57658
0.017378 31.2675 6.80233e-05    3.91433
0.017378 33.8122 5.81786e-05    3.34783
0.017378 36.5639 4.97576e-05    2.86325
0.017378 39.5396 4.25547e-05    2.44877
0.017378 42.7574 3.63939e-05    2.09425
0.017378 46.2371 3.11246e-05    1.79104
0.0199526     1  0.0578111    2897.42
0.0199526 1.08138  0.0323655    1622.12
0.0199526 1.16939  0.0270674    1356.59
0.0199526 1.26456  0.0236113    1183.37
0.0199526 1.36747  0.0208852    1046.74
0.0199526 1.47876  0.0185548    929.943
0.0199526 1.5991  0.0164881    826.362
0.0199526 1.72924  0.0146259    733.033
0.0199526 1.86997  0.0129393    648.501
0.0199526 2.02216  0.0114121    571.958
0.0199526 2.18672  0.0100334    502.863
0.0199526 2.36469 0.00879437    440.762
0.0199526 2.55713 0.00768616     385.22
0.0199526 2.76524 0.00669981    335.786
0.0199526 2.99028 0.00582603    291.993
0.0199526 3.23364  0.0050553    253.365
0.0199526 3.4968 0.00437815    219.427
0.0199526 3.78138  0.0037853    189.714
0.0199526 4.08911 0.00326787    163.782
0.0199526 4.4219 0.00281752     141.21
0.0199526 4.78176 0.00242648    121.612
0.0199526 5.17092 0.00208767    104.631
0.0199526 5.59174 0.00179463    89.9448
0.0199526 6.04681  0.0015416    77.2629
0.0199526 6.53891  0.0013234     66.327
0.0199526 7.07107 0.00113546    56.9078
0.0199526 7.64653 0.000973752    48.8032
0.0199526 8.26882 0.000834736    41.8359
0.0199526 8.94176 0.000715316    35.8507
0.0199526 9.66947 0.000612798    30.7126
0.0199526 10.4564 0.000524837    26.3042
0.0199526 11.3074 0.000449404    22.5235
0.0199526 12.2276 0.000384739    19.2826
0.0199526 13.2227 0.000329326    16.5054
0.0199526 14.2988 0.000281854    14.1262
0.0199526 15.4625 0.000241197    12.0885
0.0199526 16.7209 0.000206384    10.3437
0.0199526 18.0816 0.00017658    8.84996
0.0199526 19.5532 0.000151069    7.57137
0.0199526 21.1445 0.000129235    6.47708
0.0199526 22.8653 0.000110551    5.54066
0.0199526 24.7261 9.45633e-05    4.73939
0.0199526 26.7384 8.08847e-05    4.05384
0.0199526 28.9144 6.91824e-05    3.46733
0.0199526 31.2675 5.91714e-05     2.9656
0.0199526 33.8122 5.06078e-05     2.5364
0.0199526 36.5639 4.32826e-05    2.16927
0.0199526 39.5396 3.7017e-05    1.85525
0.0199526 42.7574 3.1658e-05    1.58666
0.0199526 46.2371 2.70744e-05    1.35693
0.0229087     1  0.0502767    2194.66
0.0229087 1.08138  0.0281434     1228.5
0.0229087 1.16939  0.0235377    1027.46
0.0229087 1.26456  0.0205339    896.335
0.0229087 1.36747  0.0181646    792.914
0.0229087 1.47876  0.0161391    704.497
0.0229087 1.5991  0.0143425    626.072
0.0229087 1.72924  0.0127234    555.398
0.0229087 1.86997  0.0112568    491.376
0.0229087 2.02216 0.00992856    433.397
0.0229087 2.18672 0.00872943    381.053
0.0229087 2.36469 0.00765161    334.005
0.0229087 2.55713 0.00668754    291.922
0.0229087 2.76524 0.00582944    254.464
0.0229087 2.99028 0.00506924     221.28
0.0229087 3.23364 0.00439867    192.009
0.0229087 3.4968  0.0038095    166.291
0.0229087 3.78138 0.00329367    143.774
0.0229087 4.08911 0.00284345    124.121
0.0229087 4.4219  0.0024516    107.016
0.0229087 4.78176 0.00211135    92.1639
0.0229087 5.17092 0.00181654     79.295
0.0229087 5.59174 0.00156157    68.1649
0.0229087 6.04681 0.00134139     58.554
0.0229087 6.53891 0.00115153    50.2662
0.0229087 7.07107 0.000988002    43.1278
0.0229087 7.64653 0.000847295    36.9858
0.0229087 8.26882 0.000726332    31.7055
0.0229087 8.94176 0.000622421    27.1697
0.0229087 9.66947 0.000533216    23.2757
0.0229087 10.4564 0.000456679    19.9348
0.0229087 11.3074 0.000391041    17.0696
0.0229087 12.2276 0.000334775    14.6134
0.0229087 13.2227 0.000286558    12.5087
0.0229087 14.2988 0.000245251    10.7056
0.0229087 15.4625 0.000209874    9.16133
0.0229087 16.7209 0.000179582    7.83902
0.0229087 18.0816 0.000153648    6.70699
0.0229087 19.5532 0.00013145      5.738
0.0229087 21.1445 0.000112452    4.90869
0.0229087 22.8653 9.61939e-05    4.19902
0.0229087 24.7261 8.22828e-05    3.59177
0.0229087 26.7384 7.03806e-05    3.07222
0.0229087 28.9144 6.0198e-05    2.62774
0.0229087 31.2675 5.14871e-05    2.24749
0.0229087 33.8122 4.40356e-05    1.92222
0.0229087 36.5639 3.76617e-05    1.64399
0.0229087 39.5396 3.22098e-05    1.40601
0.0229087 42.7574 2.75467e-05    1.20246
0.0229087 46.2371 2.35584e-05    1.02836
0.0263027     1  0.0437282     1662.5
0.0263027 1.08138  0.0244728     930.43
0.0263027 1.16939  0.0204691    778.212
0.0263027 1.26456  0.0178587    678.968
0.0263027 1.36747  0.0157998    600.693
0.0263027 1.47876  0.0140395    533.767
0.0263027 1.5991  0.0124778    474.392
0.0263027 1.72924  0.0110701    420.875
0.0263027 1.86997 0.00979471    372.385
0.0263027 2.02216 0.00863948    328.464
0.0263027 2.18672 0.00759638    288.806
0.0263027 2.36469 0.00665869    253.156
0.0263027 2.55713 0.00581989    221.266
0.0263027 2.76524 0.00507323    192.879
0.0263027 2.99028 0.00441171    167.729
0.0263027 3.23364 0.00382817    145.543
0.0263027 3.4968 0.00331545     126.05
0.0263027 3.78138 0.00286653    108.983
0.0263027 4.08911 0.00247472    94.0862
0.0263027 4.4219 0.00213369    81.1205
0.0263027 4.78176 0.00183757    69.8624
0.0263027 5.17092 0.00158099    60.1076
0.0263027 5.59174 0.00135908    51.6708
0.0263027 6.04681 0.00116746    44.3855
0.0263027 6.53891 0.00100222    38.1032
0.0263027 7.07107 0.000859891    32.6921
0.0263027 7.64653 0.000737429    28.0363
0.0263027 8.26882 0.000632151    24.0337
0.0263027 8.94176 0.000541714    20.5954
0.0263027 9.66947 0.000464077    17.6437
0.0263027 10.4564 0.000397463    15.1111
0.0263027 11.3074 0.000340337    12.9393
0.0263027 12.2276 0.000291366    11.0774
0.0263027 13.2227 0.000249401    9.48197
0.0263027 14.2988 0.000213451    8.11517
0.0263027 15.4625 0.000182661    6.94457
0.0263027 16.7209 0.000156296    5.94222
0.0263027 18.0816 0.000133725     5.0841
0.0263027 19.5532 0.000114406    4.34958
0.0263027 21.1445 9.78706e-05    3.72094
0.0263027 22.8653 8.37209e-05    3.18298
0.0263027 24.7261 7.16136e-05    2.72267
0.0263027 26.7384 6.12547e-05    2.32884
0.0263027 28.9144 5.23924e-05     1.9919
0.0263027 31.2675 4.4811e-05    1.70367
0.0263027 33.8122 3.83257e-05     1.4571
0.0263027 36.5639 3.27783e-05     1.2462
0.0263027 39.5396 2.80333e-05     1.0658
0.0263027 42.7574 2.39749e-05   0.911499
0.0263027 46.2371 2.05037e-05   0.779528
0.0301995     1  0.0380323    1259.37
0.0301995 1.08138  0.0212792    704.621
0.0301995 1.16939  0.0177993     589.39
0.0301995 1.26456  0.0155314    514.293
0.0301995 1.36747  0.0137428    455.067
0.0301995 1.47876  0.0122133     404.42
0.0301995 1.5991  0.0108561    359.478
0.0301995 1.72924 0.00963238    318.958
0.0301995 1.86997 0.00852336    282.235
0.0301995 2.02216 0.00751862    248.965
0.0301995 2.18672 0.00661124    218.919
0.0301995 2.36469 0.00579542    191.905
0.0301995 2.55713 0.00506555    167.736
0.0301995 2.76524 0.00441579    146.221
0.0301995 2.99028 0.00384008    127.157
0.0301995 3.23364 0.00333221     110.34
0.0301995 3.4968 0.00288595    95.5626
0.0301995 3.78138 0.00249521    82.6242
0.0301995 4.08911 0.00215417    71.3311
0.0301995 4.4219 0.00185732    61.5016
0.0301995 4.78176 0.00159956    52.9664
0.0301995 5.17092 0.00137622    45.5709
0.0301995 5.59174 0.00118305    39.1746
0.0301995 6.04681 0.00101625    33.6513
0.0301995 6.53891 0.000872413    28.8883
0.0301995 7.07107 0.000748522    24.7859
0.0301995 7.64653 0.000641921     21.256
0.0301995 8.26882 0.000550279    18.2214
0.0301995 8.94176 0.000471555    15.6146
0.0301995 9.66947 0.000403972    13.3768
0.0301995 10.4564 0.000345987    11.4567
0.0301995 11.3074 0.000296259    9.81005
0.0301995 12.2276 0.00025363    8.39849
0.0301995 13.2227  0.0002171    7.18887
0.0301995 14.2988 0.000185806    6.15262
0.0301995 15.4625 0.000159004    5.26511
0.0301995 16.7209 0.000136054    4.50516
0.0301995 18.0816 0.000116406    3.85457
0.0301995 19.5532 9.95885e-05    3.29769
0.0301995 21.1445 8.51951e-05    2.82107
0.0301995 22.8653 7.2878e-05    2.41322
0.0301995 24.7261 6.23387e-05    2.06423
0.0301995 26.7384 5.33214e-05    1.76564
0.0301995 28.9144 4.56069e-05    1.51019
0.0301995 31.2675 3.90074e-05    1.29166
0.0301995 33.8122 3.3362e-05    1.10472
0.0301995 36.5639 2.85331e-05   0.944819
0.0301995 39.5396 2.44026e-05   0.808047
0.0301995 42.7574 2.08698e-05   0.691064
0.0301995 46.2371 1.78482e-05   0.591009
0.0346737     1  0.0330751    953.897
0.0346737 1.08138  0.0184986    533.506
0.0346737 1.16939  0.0154748      446.3
0.0346737 1.26456  0.0135054    389.499
0.0346737 1.36747  0.0119523    344.707
0.0346737 1.47876  0.0106239    306.397
0.0346737 1.5991 0.00944482    272.392
0.0346737 1.72924 0.00838137    241.721
0.0346737 1.86997 0.00741724    213.916
0.0346737 2.02216 0.00654352    188.717
0.0346737 2.18672 0.00575426    165.955
0.0346737 2.36469  0.0050445    145.485
0.0346737 2.55713 0.00440941    127.169
0.0346737 2.76524 0.00384395    110.861
0.0346737 2.99028 0.00334289    96.4101
0.0346737 3.23364 0.00290084    83.6611
0.0346737 3.4968 0.00251239     72.458
0.0346737 3.78138 0.00217226    62.6485
0.0346737 4.08911 0.00187537    54.0863
0.0346737 4.4219 0.00161695    46.6334
0.0346737 4.78176 0.00139256    40.1619
0.0346737 5.17092 0.00119813    34.5544
0.0346737 5.59174 0.00102996    29.7044
0.0346737 6.04681 0.000884746    25.5164
0.0346737 6.53891 0.000759521    21.9048
0.0346737 7.07107 0.000651663    18.7942
0.0346737 7.64653 0.000558857    16.1176
0.0346737 8.26882 0.000479073    13.8166
0.0346737 8.94176 0.000410536      11.84
0.0346737 9.66947 0.000351699    10.1431
0.0346737 10.4564 0.000301216    8.68718
0.0346737 11.3074 0.000257923    7.43859
0.0346737 12.2276 0.000220811    6.36826
0.0346737 13.2227 0.000189008    5.45105
0.0346737 14.2988 0.000161763     4.6653
0.0346737 15.4625 0.000138429    3.99233
0.0346737 16.7209 0.000118449     3.4161
0.0346737 18.0816 0.000101343    2.92278
0.0346737 19.5532 8.6702e-05    2.50051
0.0346737 21.1445 7.4171e-05    2.13912
0.0346737 22.8653 6.34477e-05    1.82985
0.0346737 24.7261 5.42722e-05    1.56523
0.0346737 26.7384 4.64217e-05    1.33882
0.0346737 28.9144 3.97055e-05    1.14512
0.0346737 31.2675 3.39599e-05   0.979415
0.0346737 33.8122 2.90451e-05   0.837668
0.0346737 36.5639 2.4841e-05   0.716421
0.0346737 39.5396 2.1245e-05   0.612712
0.0346737 42.7574 1.81693e-05   0.524008
0.0346737 46.2371 1.55387e-05    0.44814
0.0398107     1  0.0287583    722.375
0.0398107 1.08138  0.0160759     403.81
0.0398107 1.16939  0.0134497    337.841
0.0398107 1.26456  0.0117404    294.906
0.0398107 1.36747  0.0103928    261.055
0.0398107 1.47876 0.00923987    232.095
0.0398107 1.5991 0.00821609    206.379
0.0398107 1.72924 0.00729231    183.174
0.0398107 1.86997 0.00645444    162.128
0.0398107 2.02216 0.00569484    143.048
0.0398107 2.18672 0.00500845    125.807
0.0398107 2.36469 0.00439103    110.298
0.0398107 2.55713 0.00383845    96.4176
0.0398107 2.76524 0.00334638    84.0573
0.0398107 2.99028 0.00291029    73.1031
0.0398107 3.23364 0.00252551     63.438
0.0398107 3.4968 0.00218737    54.9442
0.0398107 3.78138 0.00189127    47.5065
0.0398107 4.08911 0.00163281    41.0143
0.0398107 4.4219 0.00140783     35.363
0.0398107 4.78176 0.00121246    30.4557
0.0398107 5.17092 0.00104318    26.2035
0.0398107 5.59174 0.000896767    22.5258
0.0398107 6.04681 0.000770333    19.3499
0.0398107 6.53891 0.000661303    16.6112
0.0398107 7.07107 0.000567393    14.2523
0.0398107 7.64653 0.000486589    12.2226
0.0398107 8.26882 0.000417123    10.4777
0.0398107 8.94176 0.000357449    8.97871
0.0398107 9.66947 0.00030622     7.6919
0.0398107 10.4564 0.000262266    6.58782
0.0398107 11.3074 0.000224571    5.64097
0.0398107 12.2276 0.000192258    4.82929
0.0398107 13.2227 0.000164567    4.13374
0.0398107 14.2988 0.000140845    3.53788
0.0398107 15.4625 0.000120529    3.02754
0.0398107 16.7209 0.000103132    2.59056
0.0398107 18.0816 8.82387e-05    2.21646
0.0398107 19.5532 7.54905e-05    1.89624
0.0398107 21.1445 6.45799e-05    1.62217
0.0398107 22.8653 5.52432e-05    1.38765
0.0398107 24.7261 4.72542e-05    1.18697
0.0398107 26.7384 4.04189e-05    1.01528
0.0398107 28.9144 3.45711e-05   0.868387
0.0398107 31.2675 2.95685e-05   0.742728
0.0398107 33.8122 2.52892e-05   0.635236
0.0398107 36.5639 2.16288e-05    0.54329
0.0398107 39.5396 1.84978e-05   0.464643
0.0398107 42.7574 1.58198e-05   0.397376
0.0398107 46.2371 1.35293e-05   0.339842
0.0457088     1   0.024997    546.874
0.0457088 1.08138  0.0139637    305.491
0.0457088 1.16939  0.0116841     255.62
0.0457088 1.26456   0.010202    223.195
0.0457088 1.36747 0.00903369    197.636
0.0457088 1.47876 0.00803396    175.764
0.0457088 1.5991 0.00714574    156.332
0.0457088 1.72924  0.0063438    138.787
0.0457088 1.86997 0.00561604    122.866
0.0457088 2.02216 0.00495592    108.424
0.0457088 2.18672 0.00435916    95.3681
0.0457088 2.36469 0.00382219    83.6204
0.0457088 2.55713 0.00334147    73.1034
0.0457088 2.76524  0.0029133     63.736
0.0457088 2.99028 0.00253377    55.4328
0.0457088 3.23364 0.00219885    48.1057
0.0457088 3.4968  0.0019045     41.666
0.0457088 3.78138 0.00164673    36.0265
0.0457088 4.08911 0.00142171    31.1036
0.0457088 4.4219 0.00122583    26.8182
0.0457088 4.78176 0.00105573    23.0969
0.0457088 5.17092 0.000908339    19.8723
0.0457088 5.59174 0.000780854    17.0832
0.0457088 6.04681 0.000670765    14.6747
0.0457088 6.53891 0.000575829    12.5978
0.0457088 7.07107 0.000494058    10.8088
0.0457088 7.64653 0.000423698    9.26951
0.0457088 8.26882 0.000363211    7.94619
0.0457088 8.94176 0.00031125    6.80941
0.0457088 9.66947 0.000266642     5.8335
0.0457088 10.4564 0.000228369    4.99617
0.0457088 11.3074 0.000195546    4.27809
0.0457088 12.2276 0.000167409    3.66252
0.0457088 13.2227 0.000143298    3.13501
0.0457088 14.2988 0.000122642    2.68311
0.0457088 15.4625 0.000104951    2.29608
0.0457088 16.7209 8.98028e-05    1.96467
0.0457088 18.0816 7.68343e-05    1.68095
0.0457088 19.5532 6.57338e-05     1.4381
0.0457088 21.1445 5.62333e-05    1.23025
0.0457088 22.8653 4.81034e-05    1.05239
0.0457088 24.7261 4.11469e-05   0.900195
0.0457088 26.7384 3.5195e-05   0.769982
0.0457088 28.9144 3.0103e-05   0.658582
0.0457088 31.2675 2.5747e-05   0.563282
0.0457088 33.8122 2.20207e-05   0.481761
0.0457088 36.5639 1.88334e-05   0.412029
0.0457088 39.5396 1.61071e-05   0.352384
0.0457088 42.7574 1.37752e-05   0.301368
0.0457088 46.2371 1.17808e-05   0.257735
0.0524807     1  0.0217179    413.826
0.0524807 1.08138  0.0121206    230.953
0.0524807 1.16939  0.0101436    193.283
0.0524807 1.26456    0.00886    168.824
0.0524807 1.36747 0.00784851     149.55
0.0524807 1.47876 0.00698267    133.052
0.0524807 1.5991 0.00621289    118.384
0.0524807 1.72924 0.00551735    105.131
0.0524807 1.86997 0.00488567    93.0945
0.0524807 2.02216 0.00431233    82.1697
0.0524807 2.18672 0.00379373     72.288
0.0524807 2.36469 0.00332687    63.3921
0.0524807 2.55713 0.00290876    55.4253
0.0524807 2.76524 0.00253625    48.3272
0.0524807 2.99028 0.00220598    42.0341
0.0524807 3.23364 0.00191449    36.4798
0.0524807 3.4968 0.00165827    31.5976
0.0524807 3.78138 0.00143386    27.3217
0.0524807 4.08911 0.00123796    23.5888
0.0524807 4.4219 0.00106741    20.3391
0.0524807 4.78176 0.000919307     17.517
0.0524807 5.17092 0.000790967    15.0716
0.0524807 5.59174 0.00067996    12.9564
0.0524807 6.04681 0.000584098    11.1298
0.0524807 6.53891 0.00050143    9.55456
0.0524807 7.07107 0.000430226    8.19778
0.0524807 7.64653 0.000368957    7.03033
0.0524807 8.26882 0.000316285    6.02669
0.0524807 8.94176 0.000271037    5.16451
0.0524807 9.66947 0.000232193    4.42435
0.0524807 10.4564 0.000198865    3.78929
0.0524807 11.3074 0.000170283    3.24467
0.0524807 12.2276 0.000145781     2.7778
0.0524807 13.2227 0.000124784    2.37772
0.0524807 14.2988 0.000106797    2.03498
0.0524807 15.4625 9.13919e-05    1.74144
0.0524807 16.7209 7.82008e-05    1.49008
0.0524807 18.0816 6.69078e-05     1.2749
0.0524807 19.5532 5.72413e-05    1.09071
0.0524807 21.1445 4.89683e-05   0.933072
0.0524807 22.8653 4.18887e-05   0.798173
0.0524807 24.7261 3.58309e-05   0.682744
0.0524807 26.7384 3.0648e-05   0.583986
0.0524807 28.9144 2.62139e-05   0.499495
0.0524807 31.2675 2.24206e-05   0.427216
0.0524807 33.8122 1.91758e-05   0.365387
0.0524807 36.5639 1.64002e-05   0.312499
0.0524807 39.5396 1.40261e-05   0.267262
0.0524807 42.7574 1.19955e-05    0.22857
0.0524807 46.2371 1.02588e-05   0.195476
0.060256     1  0.0188575    312.956
0.060256 1.08138   0.010511    174.439
0.060256 1.16939 0.00879842    146.017
0.060256 1.26456 0.00768849    127.597
0.060256 1.36747 0.00681426    113.089
0.060256 1.47876  0.0060656    100.664
0.060256 1.5991 0.00539942    89.6081
0.060256 1.72924  0.0047969    79.6087
0.060256 1.86997 0.00424916    70.5185
0.060256 2.02216 0.00375157    62.2606
0.060256 2.18672 0.00330116    54.7856
0.060256 2.36469 0.00289544    48.0524
0.060256 2.55713 0.00253191    42.0193
0.060256 2.76524 0.00220791    36.6421
0.060256 2.99028 0.00192056    31.8734
0.060256 3.23364 0.00166689    27.6635
0.060256 3.4968 0.00144388    23.9624
0.060256 3.78138 0.00124853    20.7205
0.060256 4.08911 0.00107798      17.89
0.060256 4.4219 0.000929492    15.4257
0.060256 4.78176 0.000800537    13.2856
0.060256 5.17092 0.000688786     11.431
0.060256 5.59174 0.000592124    9.82682
0.060256 6.04681 0.000508649    8.44148
0.060256 6.53891 0.000436662    7.24678
0.060256 7.07107 0.000374656    6.21774
0.060256 7.64653 0.000321302    5.33228
0.060256 8.26882 0.000275433    4.57106
0.060256 8.94176 0.00023603    3.91713
0.060256 9.66947 0.000202204    3.35574
0.060256 10.4564 0.00017318    2.87407
0.060256 11.3074 0.000148289    2.46099
0.060256 12.2276 0.000126952    2.10688
0.060256 13.2227 0.000108668    1.80343
0.060256 14.2988 9.30036e-05    1.54348
0.060256 15.4625 7.9588e-05    1.32083
0.060256 16.7209 6.81006e-05    1.13019
0.060256 18.0816 5.82662e-05   0.966978
0.060256 19.5532 4.98483e-05   0.827275
0.060256 21.1445 4.26437e-05    0.70771
0.060256 22.8653 3.64785e-05   0.605393
0.060256 24.7261 3.12031e-05   0.517843
0.060256 26.7384 2.66896e-05   0.442937
0.060256 28.9144 2.28282e-05   0.378854
0.060256 31.2675 1.95249e-05   0.324032
0.060256 33.8122 1.66991e-05   0.277136
0.060256 36.5639 1.4282e-05   0.237022
0.060256 39.5396 1.22146e-05   0.202711
0.060256 42.7574 1.04462e-05   0.173364
0.060256 46.2371 8.93377e-06   0.148264
0.0691831     1  0.0163606    236.482
0.0691831 1.08138   0.009104    131.593
0.0691831 1.16939 0.00762262     110.18
0.0691831 1.26456 0.00666486    96.3366
0.0691831 1.36747 0.00591098    85.4396
0.0691831 1.47876 0.00526504     76.103
0.0691831 1.5991 0.00468963    67.7858
0.0691831 1.72924 0.00416852    60.2535
0.0691831 1.86997 0.00369419    53.3973
0.0691831 2.02216  0.0032628    47.1618
0.0691831 2.18672 0.00287193    41.5121
0.0691831 2.36469 0.00251957    36.4188
0.0691831 2.55713 0.00220365    31.8524
0.0691831 2.76524 0.00192193    27.7803
0.0691831 2.99028 0.00167199    24.1676
0.0691831 3.23364 0.00145128    20.9773
0.0691831 3.4968 0.00125719    18.1719
0.0691831 3.78138 0.00108716    15.7142
0.0691831 4.08911 0.000938681    13.5681
0.0691831 4.4219 0.000809404    11.6995
0.0691831 4.78176 0.000697125    10.0765
0.0691831 5.17092 0.000599819    8.67002
0.0691831 5.59174 0.000515648    7.45339
0.0691831 6.04681 0.000442958    6.40269
0.0691831 6.53891 0.00038027    5.49658
0.0691831 7.07107 0.000326273    4.71608
0.0691831 7.64653 0.00027981    4.04449
0.0691831 8.26882 0.000239866    3.46712
0.0691831 8.94176 0.000205551    2.97112
0.0691831 9.66947 0.000176093    2.54532
0.0691831 10.4564 0.000150817    2.17997
0.0691831 11.3074 0.000129141    1.86665
0.0691831 12.2276 0.000110559    1.59807
0.0691831 13.2227 9.46356e-05     1.3679
0.0691831 14.2988 8.09943e-05    1.17072
0.0691831 15.4625 6.9311e-05    1.00185
0.0691831 16.7209 5.9307e-05   0.857247
0.0691831 18.0816 5.07424e-05   0.733451
0.0691831 19.5532 4.34115e-05   0.627487
0.0691831 21.1445 3.71373e-05   0.536797
0.0691831 22.8653 3.17681e-05   0.459189
0.0691831 24.7261 2.7174e-05   0.392783
0.0691831 26.7384 2.32433e-05   0.335967
0.0691831 28.9144 1.98805e-05    0.28736
0.0691831 31.2675 1.70037e-05   0.245778
0.0691831 33.8122 1.45428e-05   0.210207
0.0691831 36.5639 1.24378e-05   0.179781
0.0691831 39.5396 1.06373e-05   0.153756
0.0691831 42.7574 9.09733e-06   0.131496
0.0691831 46.2371 7.78018e-06   0.112458
0.0794328     1  0.0141793    178.507
0.0794328 1.08138 0.00787265    99.1109
0.0794328 1.16939 0.00659372    83.0101
0.0794328 1.26456 0.00576951    72.6338
0.0794328 1.36747 0.00512133    64.4737
0.0794328 1.47876  0.0045656    57.4776
0.0794328 1.5991 0.00406985    51.2364
0.0794328 1.72924 0.00362012    45.5746
0.0794328 1.86997 0.00321008    40.4125
0.0794328 2.02216 0.00283659    35.7106
0.0794328 2.18672 0.00249777     31.445
0.0794328 2.36469 0.00219199    27.5956
0.0794328 2.55713 0.00191762    24.1414
0.0794328 2.76524 0.00167279    21.0592
0.0794328 2.99028 0.00145546    18.3232
0.0794328 3.23364 0.00126348    15.9062
0.0794328 3.4968  0.0010946    13.7802
0.0794328 3.78138 0.000946618    11.9172
0.0794328 4.08911 0.000817377    10.2902
0.0794328 4.4219 0.000704832    8.87331
0.0794328 4.78176 0.000607075    7.64262
0.0794328 5.17092 0.000522349    6.57598
0.0794328 5.59174 0.000449056    5.65329
0.0794328 6.04681 0.000385758     4.8564
0.0794328 6.53891 0.000331168    4.16916
0.0794328 7.07107 0.000284145    3.57717
0.0794328 7.64653 0.000243682    3.06778
0.0794328 8.26882 0.000208896    2.62984
0.0794328 8.94176 0.000179012    2.25363
0.0794328 9.66947 0.000153358    1.93066
0.0794328 10.4564 0.000131345    1.65354
0.0794328 11.3074 0.000112468    1.41589
0.0794328 12.2276 9.62852e-05    1.21216
0.0794328 13.2227 8.24176e-05    1.03758
0.0794328 14.2988 7.05374e-05   0.888013
0.0794328 15.4625 6.03625e-05   0.759919
0.0794328 16.7209 5.16501e-05   0.650236
0.0794328 18.0816 4.41913e-05   0.556336
0.0794328 19.5532 3.78068e-05    0.47596
0.0794328 21.1445 3.23427e-05    0.40717
0.0794328 22.8653 2.76667e-05   0.348303
0.0794328 24.7261 2.36657e-05   0.297933
0.0794328 26.7384 2.02424e-05   0.254837
0.0794328 28.9144 1.73138e-05   0.217968
0.0794328 31.2675 1.48084e-05   0.186427
0.0794328 33.8122 1.26652e-05   0.159446
0.0794328 36.5639 1.0832e-05   0.136367
0.0794328 39.5396 9.26399e-06   0.116627
0.0794328 42.7574 7.92282e-06  0.0997424
0.0794328 46.2371 6.77572e-06  0.0853012
0.0912011     1  0.0122722    134.562
0.0912011 1.08138 0.00679367    74.4911
0.0912011 1.16939 0.00569221    62.4138
0.0912011 1.26456 0.00498539    54.6637
0.0912011 1.36747 0.00443024    48.5766
0.0912011 1.47876 0.00395391    43.3538
0.0912011 1.5991  0.0035282     38.686
0.0912011 1.72924 0.00314116    34.4421
0.0912011 1.86997 0.00278751    30.5644
0.0912011 2.02216 0.00246475    27.0255
0.0912011 2.18672 0.00217146    23.8096
0.0912011 2.36469 0.00190642    20.9035
0.0912011 2.55713 0.00166833    18.2929
0.0912011 2.76524  0.0014557    15.9614
0.0912011 2.99028 0.00126682    13.8904
0.0912011 3.23364 0.00109988      12.06
0.0912011 3.4968 0.00095298    10.4492
0.0912011 3.78138 0.000824214    9.03733
0.0912011 4.08911 0.00071173    7.80396
0.0912011 4.4219 0.000613761    6.72976
0.0912011 4.78176 0.000528654    5.79658
0.0912011 5.17092 0.000454885    4.98772
0.0912011 5.59174 0.000391066    4.28796
0.0912011 6.04681 0.000335947    3.68359
0.0912011 6.53891 0.000288409    3.16234
0.0912011 7.07107 0.000247459    2.71334
0.0912011 7.64653 0.000212222    2.32697
0.0912011 8.26882 0.000181928     1.9948
0.0912011 8.94176 0.000155903    1.70944
0.0912011 9.66947 0.00013356    1.46446
0.0912011 10.4564 0.00011439    1.25426
0.0912011 11.3074 9.79492e-05    1.07399
0.0912011 12.2276 8.38556e-05   0.919459
0.0912011 13.2227 7.17783e-05   0.787033
0.0912011 14.2988 6.14317e-05   0.673586
0.0912011 15.4625 5.25704e-05   0.576423
0.0912011 16.7209 4.49826e-05   0.493225
0.0912011 18.0816 3.84867e-05   0.421998
0.0912011 19.5532 3.29264e-05   0.361031
0.0912011 21.1445 2.81676e-05   0.308851
0.0912011 22.8653 2.40952e-05   0.264199
0.0912011 24.7261 2.06107e-05   0.225992
0.0912011 26.7384 1.76294e-05   0.193302
0.0912011 28.9144 1.50788e-05   0.165335
0.0912011 31.2675 1.28968e-05   0.141411
0.0912011 33.8122 1.10303e-05   0.120945
0.0912011 36.5639 9.43374e-06   0.103439
0.0912011 39.5396 8.06812e-06  0.0884651
0.0912011 42.7574 6.90007e-06  0.0756578
0.0912011 46.2371 5.90105e-06  0.0647037
0.104713     1  0.0106035    101.263
0.104713 1.08138  0.0058469    55.8374
0.104713 1.16939 0.00490118    46.8059
0.104713 1.26456 0.00429773     41.043
0.104713 1.36747 0.00382463    36.5249
0.104713 1.47876 0.00341832    32.6447
0.104713 1.5991 0.00305435    29.1688
0.104713 1.72924 0.00272248    25.9995
0.104713 1.86997 0.00241838    23.0954
0.104713 2.02216 0.00214015    20.4383
0.104713 2.18672 0.00188676    18.0184
0.104713 2.36469 0.00165736    15.8277
0.104713 2.55713 0.00145099    13.8569
0.104713 2.76524 0.00126648    12.0948
0.104713 2.99028 0.00110244    10.5282
0.104713 3.23364 0.000957346    9.14258
0.104713 3.4968 0.000829605    7.92267
0.104713 3.78138 0.00071759    6.85293
0.104713 4.08911 0.00061971    5.91819
0.104713 4.4219 0.000534442    5.10388
0.104713 4.78176 0.000460355    4.39636
0.104713 5.17092 0.000396131    3.78302
0.104713 5.59174 0.000340564    3.25236
0.104713 6.04681 0.000292569    2.79401
0.104713 6.53891 0.000251172    2.39868
0.104713 7.07107 0.000215512    2.05812
0.104713 7.64653 0.000184825    1.76507
0.104713 8.26882 0.000158443    1.51312
0.104713 8.94176 0.000135778    1.29667
0.104713 9.66947 0.00011632    1.11084
0.104713 10.4564 9.96241e-05   0.951403
0.104713 11.3074 8.53059e-05   0.814665
0.104713 12.2276 7.30316e-05   0.697447
0.104713 13.2227 6.25132e-05   0.596997
0.104713 14.2988 5.35023e-05   0.510943
0.104713 15.4625 4.57847e-05   0.437241
0.104713 16.7209 3.91764e-05   0.374132
0.104713 18.0816 3.3519e-05   0.320104
0.104713 19.5532 2.86764e-05   0.273857
0.104713 21.1445 2.45318e-05   0.234277
0.104713 22.8653 2.09851e-05   0.200406
0.104713 24.7261 1.79503e-05   0.171424
0.104713 26.7384 1.53538e-05   0.146628
0.104713 28.9144 1.31325e-05   0.125414
0.104713 31.2675 1.12321e-05   0.107266
0.104713 33.8122 9.60656e-06  0.0917419
0.104713 36.5639 8.21607e-06  0.0784629
0.104713 39.5396 7.02672e-06  0.0671046
0.104713 42.7574 6.00944e-06  0.0573897
0.104713 46.2371 5.13936e-06  0.0490805
0.120226     1  0.0091425     76.044
0.120226 1.08138 0.00501506    41.7135
0.120226 1.16939 0.00420611    34.9849
0.120226 1.26456 0.00369379    30.7236
0.120226 1.36747 0.00329316    27.3913
0.120226 1.47876 0.00294874    24.5266
0.120226 1.5991  0.0026393    21.9527
0.120226 1.72924 0.00235611    19.5973
0.120226 1.86997 0.00209566     17.431
0.120226 2.02216 0.00185657    15.4423
0.120226 2.18672  0.0016382    13.6259
0.120226 2.36469 0.00144004    11.9777
0.120226 2.55713 0.00126143    10.4921
0.120226 2.76524  0.0011015     9.1619
0.120226 2.99028 0.000959152    7.97788
0.120226 3.23364 0.000833135    6.92971
0.120226 3.4968 0.000722109    6.00624
0.120226 3.78138 0.000624701    5.19604
0.120226 4.08911 0.000539552    4.48779
0.120226 4.4219 0.000465351    3.87062
0.120226 4.78176 0.000400868    3.33427
0.120226 5.17092 0.000344958    2.86924
0.120226 5.59174 0.00029658    2.46684
0.120226 6.04681 0.00025479    2.11925
0.120226 6.53891 0.000218743    1.81942
0.120226 7.07107 0.000187689    1.56113
0.120226 7.64653 0.000160966    1.33886
0.120226 8.26882 0.00013799    1.14775
0.120226 8.94176 0.000118252   0.983574
0.120226 9.66947 0.000101306   0.842623
0.120226 10.4564 8.67653e-05   0.721682
0.120226 11.3074 7.42953e-05   0.617962
0.120226 12.2276 6.36054e-05   0.529047
0.120226 13.2227 5.44447e-05   0.452851
0.120226 14.2988 4.65968e-05   0.387576
0.120226 15.4625 3.98754e-05   0.331669
0.120226 16.7209  3.412e-05   0.283798
0.120226 18.0816 2.91928e-05   0.242815
0.120226 19.5532 2.49752e-05   0.207735
0.120226 21.1445 2.13656e-05   0.177711
0.120226 22.8653 1.82766e-05   0.152018
0.120226 24.7261 1.56336e-05   0.130034
0.120226 26.7384 1.33722e-05   0.111225
0.120226 28.9144 1.14375e-05  0.0951329
0.120226 31.2675 9.78244e-06  0.0813668
0.120226 33.8122 8.36668e-06   0.069591
0.120226 36.5639 7.15565e-06  0.0595181
0.120226 39.5396 6.1198e-06  0.0509023
0.120226 42.7574 5.23382e-06   0.043533
0.120226 46.2371 4.47604e-06  0.0372301
0.138038     1 0.00786354    56.9663
0.138038 1.08138 0.00428356    31.0317
0.138038 1.16939 0.00359463    26.0408
0.138038 1.26456 0.00316264    22.9113
0.138038 1.36747 0.00282608    20.4731
0.138038 1.47876 0.00253645    18.3749
0.138038 1.5991 0.00227527    16.4829
0.138038 1.72924 0.00203513    14.7432
0.138038 1.86997 0.00181321    13.1356
0.138038 2.02216 0.00160861    11.6533
0.138038 2.18672 0.00142103    10.2945
0.138038 2.36469  0.0012503    9.05759
0.138038 2.55713 0.00109603       7.94
0.138038 2.76524 0.000957612    6.93729
0.138038 2.99028 0.000834226    6.04343
0.138038 3.23364 0.000724867     5.2512
0.138038 3.4968 0.000628431    4.55258
0.138038 3.78138 0.000543766    3.93924
0.138038 4.08911 0.000469717     3.4028
0.138038 4.4219 0.000405165    2.93516
0.138038 4.78176 0.00034905    2.52864
0.138038 5.17092 0.000300386    2.17611
0.138038 5.59174 0.00025827      1.871
0.138038 6.04681 0.000221886    1.60742
0.138038 6.53891 0.000190499    1.38004
0.138038 7.07107 0.000163458    1.18415
0.138038 7.64653 0.000140187    1.01556
0.138038 8.26882 0.000120178   0.870612
0.138038 8.94176 0.000102988   0.746082
0.138038 9.66947 8.82298e-05   0.639168
0.138038 10.4564 7.55666e-05   0.547432
0.138038 11.3074 6.47063e-05   0.468756
0.138038 12.2276 5.53962e-05    0.40131
0.138038 13.2227 4.74179e-05   0.343512
0.138038 14.2988 4.05829e-05   0.293997
0.138038 15.4625 3.4729e-05    0.25159
0.138038 16.7209 2.97165e-05   0.215277
0.138038 18.0816 2.54251e-05   0.184189
0.138038 19.5532 2.17519e-05   0.157578
0.138038 21.1445 1.86081e-05   0.134804
0.138038 22.8653 1.59179e-05   0.115315
0.138038 24.7261 1.36159e-05  0.0986384
0.138038 26.7384 1.16464e-05  0.0843704
0.138038 28.9144 9.96138e-06  0.0721638
0.138038 31.2675 8.51993e-06  0.0617214
0.138038 33.8122 7.28688e-06  0.0527888
0.138038 36.5639 6.23215e-06  0.0451479
0.138038 39.5396 5.32999e-06  0.0386123
0.138038 42.7574 4.55835e-06  0.0330223
0.138038 46.2371 3.89837e-06  0.0282412
0.158489     1 0.00674651    42.5676
0.158489 1.08138 0.00364054    22.9703
0.158489 1.16939 0.00305652    19.2853
0.158489 1.26456 0.00269513    17.0051
0.158489 1.36747 0.00241511    15.2383
0.158489 1.47876 0.00217397    13.7168
0.158489 1.5991 0.00195555    12.3387
0.158489 1.72924 0.00175354    11.0641
0.158489 1.86997 0.00156572      9.879
0.158489 2.02216 0.00139156    8.78016
0.158489 2.18672 0.00123113    7.76792
0.158489 2.36469 0.00108452    6.84283
0.158489 2.55713 0.000951607    6.00423
0.158489 2.76524 0.000832053     5.2499
0.158489 2.99028 0.000725264     4.5761
0.158489 3.23364 0.000630468    3.97799
0.158489 3.4968 0.000546776    3.44993
0.158489 3.78138 0.000473233     2.9859
0.158489 4.08911 0.000408868    2.57979
0.158489 4.4219 0.00035273    2.22558
0.158489 4.78176 0.00030391    1.91754
0.158489 5.17092 0.00026156    1.65033
0.158489 5.59174 0.000224902    1.41903
0.158489 6.04681 0.000193226    1.21918
0.158489 6.53891 0.000165899    1.04675
0.158489 7.07107 0.000142354    0.89819
0.158489 7.64653 0.000122089    0.77033
0.158489 8.26882 0.000104665    0.66039
0.158489 8.94176 8.96947e-05   0.565935
0.158489 9.66947 7.68419e-05    0.48484
0.158489 10.4564 6.58135e-05   0.415255
0.158489 11.3074 5.63551e-05   0.355577
0.158489 12.2276 4.82468e-05   0.304417
0.158489 13.2227 4.12982e-05   0.260574
0.158489 14.2988 3.53454e-05   0.223015
0.158489 15.4625 3.0247e-05   0.190846
0.158489 16.7209 2.58814e-05     0.1633
0.158489 18.0816 2.21439e-05   0.139719
0.158489 19.5532 1.89447e-05   0.119533
0.158489 21.1445 1.62067e-05   0.102257
0.158489 22.8653 1.38636e-05  0.0874733
0.158489 24.7261 1.18587e-05  0.0748234
0.158489 26.7384 1.01434e-05  0.0640002
0.158489 28.9144 8.67582e-06  0.0547408
0.158489 31.2675 7.4204e-06  0.0468196
0.158489 33.8122 6.34648e-06  0.0400436
0.158489 36.5639 5.42787e-06  0.0342475
0.158489 39.5396 4.64213e-06  0.0292899
0.158489 42.7574 3.97008e-06  0.0250495
0.158489 46.2371 3.39527e-06  0.0214227
0.18197     1 0.00578157    31.7721
0.18197 1.08138 0.00307805    16.9151
0.18197 1.16939 0.00258429    14.2017
0.18197 1.26456 0.00228419    12.5525
0.18197 1.36747 0.00205363    11.2855
0.18197 1.47876 0.00185515    10.1948
0.18197 1.5991 0.00167451    9.20213
0.18197 1.72924 0.00150625    8.27744
0.18197 1.86997  0.0013486    7.41111
0.18197 2.02216 0.00120138    6.60208
0.18197 2.18672 0.00106492    5.85215
0.18197 2.36469 0.000939552    5.16322
0.18197 2.55713 0.000825429    4.53607
0.18197 2.76524 0.000722428    3.97004
0.18197 2.99028 0.000630184    3.46312
0.18197 3.23364 0.000548135    3.01222
0.18197 3.4968 0.000475583    2.61352
0.18197 3.78138 0.000411754    2.26276
0.18197 4.08911 0.000355841    1.95549
0.18197 4.4219 0.000307042    1.68732
0.18197 4.78176 0.000264583    1.45399
0.18197 5.17092 0.000227738    1.25151
0.18197 5.59174 0.000195835    1.07619
0.18197 6.04681 0.000168263   0.924675
0.18197 6.53891 0.000144472   0.793935
0.18197 7.07107 0.000123972   0.681276
0.18197 7.64653 0.000106327   0.584308
0.18197 8.26882 9.11534e-05   0.500925
0.18197 8.94176 7.81169e-05   0.429284
0.18197 9.66947 6.69238e-05   0.367774
0.18197 10.4564 5.73192e-05   0.314993
0.18197 11.3074 4.90819e-05   0.269725
0.18197 12.2276 4.20201e-05   0.230918
0.18197 13.2227 3.59684e-05   0.197661
0.18197 14.2988 3.07839e-05    0.16917
0.18197 15.4625 2.63436e-05   0.144769
0.18197 16.7209 2.25413e-05   0.123874
0.18197 18.0816 1.92862e-05   0.105986
0.18197 19.5532 1.64999e-05  0.0906735
0.18197 21.1445 1.41152e-05  0.0775687
0.18197 22.8653 1.20745e-05  0.0663543
0.18197 24.7261 1.03283e-05  0.0567585
0.18197 26.7384 8.83435e-06  0.0485484
0.18197 28.9144 7.55621e-06  0.0415245
0.18197 31.2675 6.4628e-06  0.0355157
0.18197 33.8122 5.52747e-06  0.0303757
0.18197 36.5639 4.7274e-06   0.025979
0.18197 39.5396 4.04307e-06  0.0222183
0.18197 42.7574 3.45774e-06  0.0190017
0.18197 46.2371 2.95711e-06  0.0162505
0.20893     1 0.00497969    23.8343
0.20893 1.08138 0.00259533     12.422
0.20893 1.16939 0.00217502    10.4103
0.20893 1.26456 0.00192589    9.21788
0.20893 1.36747 0.00173728    8.31513
0.20893 1.47876 0.00157554      7.541
0.20893 1.5991  0.0014278     6.8339
0.20893 1.72924 0.00128915    6.17024
0.20893 1.86997 0.00115809    5.54296
0.20893 2.02216 0.00103464     4.9521
0.20893 2.18672 0.000919328    4.40018
0.20893 2.36469  0.0008127    3.88983
0.20893 2.55713 0.000715115    3.42276
0.20893 2.76524 0.000626662    2.99939
0.20893 2.99028 0.000547179    2.61897
0.20893 3.23364 0.000476296    2.27969
0.20893 3.4968 0.000413491    1.97909
0.20893 3.78138 0.000358152    1.71422
0.20893 4.08911 0.000309621    1.48194
0.20893 4.4219 0.000267226    1.27903
0.20893 4.78176 0.000230316    1.10236
0.20893 5.17092 0.000198271   0.948982
0.20893 5.59174 0.000170513   0.816128
0.20893 6.04681 0.000146518   0.701278
0.20893 6.53891 0.000125809   0.602159
0.20893 7.07107 0.000107961   0.516735
0.20893 7.64653 9.25975e-05     0.4432
0.20893 8.26882 7.93854e-05   0.379962
0.20893 8.94176 6.8033e-05   0.325626
0.20893 9.66947 5.82855e-05   0.278972
0.20893 10.4564 4.99211e-05   0.238938
0.20893 11.3074 4.27472e-05   0.204601
0.20893 12.2276 3.65971e-05   0.175165
0.20893 13.2227 3.13265e-05   0.149938
0.20893 14.2988 2.68112e-05   0.128326
0.20893 15.4625 2.29439e-05   0.109816
0.20893 16.7209 1.96324e-05  0.0939665
0.20893 18.0816 1.67973e-05  0.0803971
0.20893 19.5532 1.43706e-05   0.068782
0.20893 21.1445 1.22937e-05  0.0588411
0.20893 22.8653 1.05163e-05  0.0503342
0.20893 24.7261 8.9955e-06  0.0430552
0.20893 26.7384 7.69431e-06  0.0368273
0.20893 28.9144 6.58111e-06  0.0314992
0.20893 31.2675 5.6288e-06  0.0269411
0.20893 33.8122 4.81417e-06  0.0230421
0.20893 36.5639 4.11735e-06  0.0197069
0.20893 39.5396 3.52132e-06  0.0168541
0.20893 42.7574 3.01153e-06  0.0144141
0.20893 46.2371 2.57551e-06  0.0123272
0.239883     1 1.06183e-06 0.00442643
0.239883 1.08138 5.94606e-07 0.00247873
0.239883 1.16939 4.97212e-07 0.00207273
0.239883 1.26456 4.33635e-07 0.00180769
0.239883 1.36747 3.8348e-07 0.00159861
0.239883 1.47876 3.40614e-07 0.00141991
0.239883 1.5991 3.02613e-07  0.0012615
0.239883 1.72924 2.68387e-07 0.00111883
0.239883 1.86997 2.37401e-07 0.000989654
0.239883 2.02216 2.09355e-07 0.000872736
0.239883 2.18672 1.84045e-07 0.000767228
0.239883 2.36469 1.61304e-07 0.000672427
0.239883 2.55713 1.40968e-07 0.000587655
0.239883 2.76524 1.22872e-07 0.000512217
0.239883 2.99028 1.06843e-07 0.000445398
0.239883 3.23364 9.27065e-08 0.000386465
0.239883 3.4968 8.02868e-08 0.000334691
0.239883 3.78138 6.94139e-08 0.000289365
0.239883 4.08911 5.99247e-08 0.000249808
0.239883 4.4219 5.16658e-08 0.000215379
0.239883 4.78176 4.4495e-08 0.000185486
0.239883 5.17092 3.82818e-08 0.000159585
0.239883 5.59174 3.29083e-08 0.000137185
0.239883 6.04681 2.82683e-08 0.000117842
0.239883 6.53891 2.42671e-08 0.000101162
0.239883 7.07107 2.08209e-08 8.67958e-05
0.239883 7.64653 1.78556e-08 7.44346e-05
0.239883 8.26882 1.53065e-08 6.3808e-05
0.239883 8.94176 1.31167e-08 5.46794e-05
0.239883 9.66947 1.12368e-08 4.68428e-05
0.239883 10.4564 9.62388e-09 4.0119e-05
0.239883 11.3074 8.24066e-09 3.43528e-05
0.239883 12.2276 7.05491e-09 2.94098e-05
0.239883 13.2227 6.0388e-09 2.51739e-05
0.239883 14.2988 5.16833e-09 2.15452e-05
0.239883 15.4625 4.4228e-09 1.84373e-05
0.239883 16.7209 3.78443e-09 1.57761e-05
0.239883 18.0816 3.23792e-09 1.34979e-05
0.239883 19.5532 2.77013e-09 1.15478e-05
0.239883 21.1445 2.36976e-09 9.87881e-06
0.239883 22.8653 2.02715e-09 8.45058e-06
0.239883 24.7261 1.73399e-09 7.22849e-06
0.239883 26.7384 1.48317e-09 6.18289e-06
0.239883 28.9144 1.26859e-09 5.28836e-06
0.239883 31.2675 1.08502e-09 4.52311e-06
0.239883 33.8122 9.27988e-10 3.8685e-06
0.239883 36.5639 7.93668e-10 3.30856e-06
0.239883 39.5396 6.78777e-10 2.82961e-06
0.239883 42.7574 5.80508e-10 2.41996e-06
0.239883 46.2371 4.9646e-10 2.06959e-06
0.275423     1 1.09473e-07 0.000397471
0.275423 1.08138 1.44335e-07 0.00052405
0.275423 1.16939 1.45952e-07 0.000529921
0.275423 1.26456  1.387e-07 0.000503589
0.275423 1.36747 1.27947e-07 0.000464547
0.275423 1.47876 1.1612e-07 0.000421608
0.275423 1.5991 1.04331e-07 0.000378801
0.275423 1.72924 9.30813e-08 0.000337958
0.275423 1.86997 8.25953e-08 0.000299885
0.275423 2.02216 7.29607e-08 0.000264904
0.275423 2.18672 6.41984e-08 0.00023309
0.275423 2.36469 5.62933e-08 0.000204388
0.275423 2.55713 4.92093e-08 0.000178668
0.275423 2.76524 4.28984e-08 0.000155755
0.275423 2.99028 3.73051e-08 0.000135446
0.275423 3.23364 3.23704e-08 0.00011753
0.275423 3.4968 2.80344e-08 0.000101787
0.275423 3.78138 2.42381e-08 8.80031e-05
0.275423 4.08911 2.09248e-08 7.59732e-05
0.275423 4.4219 1.80409e-08 6.55027e-05
0.275423 4.78176 1.5537e-08 5.64115e-05
0.275423 5.17092 1.33675e-08 4.85344e-05
0.275423 5.59174 1.14911e-08 4.17218e-05
0.275423 6.04681 9.87091e-09 3.58391e-05
0.275423 6.53891 8.47375e-09 3.07663e-05
0.275423 7.07107 7.27037e-09 2.63971e-05
0.275423 7.64653 6.23494e-09 2.26377e-05
0.275423 8.26882 5.34482e-09 1.94059e-05
0.275423 8.94176 4.58017e-09 1.66296e-05
0.275423 9.66947 3.92374e-09 1.42462e-05
0.275423 10.4564 3.36053e-09 1.22013e-05
0.275423 11.3074 2.87753e-09 1.04477e-05
0.275423 12.2276 2.46348e-09 8.94436e-06
0.275423 13.2227 2.10867e-09 7.65612e-06
0.275423 14.2988 1.80471e-09 6.55251e-06
0.275423 15.4625 1.54438e-09 5.60732e-06
0.275423 16.7209 1.32147e-09 4.79798e-06
0.275423 18.0816 1.13064e-09 4.1051e-06
0.275423 19.5532 9.67291e-10 3.51202e-06
0.275423 21.1445 8.27489e-10 3.00443e-06
0.275423 22.8653 7.07854e-10 2.57006e-06
0.275423 24.7261 6.05488e-10 2.19839e-06
0.275423 26.7384 5.17904e-10 1.8804e-06
0.275423 28.9144 4.42974e-10 1.60834e-06
0.275423 31.2675 3.78874e-10 1.37561e-06
0.275423 33.8122 3.24041e-10 1.17652e-06
0.275423 36.5639 2.77138e-10 1.00623e-06
0.275423 39.5396 2.3702e-10 8.60567e-07
0.275423 42.7574 2.02706e-10 7.3598e-07
0.275423 46.2371 1.73357e-10 6.29421e-07
0.316228     1 3.39394e-08 0.000107326
0.316228 1.08138 5.98209e-08 0.00018917
0.316228 1.16939 6.8939e-08 0.000218004
0.316228 1.26456 7.06219e-08 0.000223326
0.316228 1.36747 6.79234e-08 0.000214793
0.316228 1.47876 6.30614e-08 0.000199418
0.316228 1.5991 5.7357e-08 0.000181379
0.316228 1.72924 5.15107e-08 0.000162891
0.316228 1.86997  4.587e-08 0.000145054
0.316228 2.02216 4.05966e-08 0.000128378
0.316228 2.18672 3.57578e-08 0.000113076
0.316228 2.36469 3.13721e-08 9.92072e-05
0.316228 2.55713 2.74324e-08 8.67488e-05
0.316228 2.76524 2.39181e-08 7.56357e-05
0.316228 2.99028 2.08013e-08 6.57796e-05
0.316228 3.23364 1.80506e-08 5.70809e-05
0.316228 3.4968 1.56331e-08 4.94362e-05
0.316228 3.78138 1.35163e-08 4.27423e-05
0.316228 4.08911 1.16687e-08 3.68998e-05
0.316228 4.4219 1.00606e-08 3.18144e-05
0.316228 4.78176 8.6643e-09 2.73989e-05
0.316228 5.17092 7.45447e-09 2.35731e-05
0.316228 5.59174 6.40811e-09 2.02642e-05
0.316228 6.04681 5.50458e-09 1.7407e-05
0.316228 6.53891 4.72544e-09 1.49432e-05
0.316228 7.07107 4.05437e-09 1.2821e-05
0.316228 7.64653 3.47696e-09 1.09951e-05
0.316228 8.26882 2.98057e-09 9.4254e-06
0.316228 8.94176 2.55416e-09 8.07697e-06
0.316228 9.66947 2.1881e-09 6.91939e-06
0.316228 10.4564 1.87402e-09 5.92618e-06
0.316228 11.3074 1.60467e-09 5.07442e-06
0.316228 12.2276 1.37378e-09 4.34426e-06
0.316228 13.2227 1.17591e-09 3.71857e-06
0.316228 14.2988 1.00641e-09 3.18255e-06
0.316228 15.4625 8.61236e-10 2.72347e-06
0.316228 16.7209 7.36929e-10 2.33037e-06
0.316228 18.0816 6.30509e-10 1.99384e-06
0.316228 19.5532 5.39416e-10 1.70578e-06
0.316228 21.1445 4.61455e-10 1.45925e-06
0.316228 22.8653 3.9474e-10 1.24828e-06
0.316228 24.7261 3.37654e-10 1.06776e-06
0.316228 26.7384 2.88813e-10 9.13306e-07
0.316228 28.9144 2.47028e-10 7.8117e-07
0.316228 31.2675 2.11282e-10 6.68131e-07
0.316228 33.8122 1.80704e-10 5.71435e-07
0.316228 36.5639 1.54548e-10 4.88724e-07
0.316228 39.5396 1.32176e-10 4.17976e-07
0.316228 42.7574 1.1304e-10 3.57465e-07
0.316228 46.2371 9.66738e-11 3.05709e-07
0.363078     1 2.01208e-08 5.54173e-05
0.363078 1.08138 3.7202e-08 0.000102463
0.363078 1.16939 4.40692e-08 0.000121377
0.363078 1.26456 4.59614e-08 0.000126588
0.363078 1.36747 4.46812e-08 0.000123062
0.363078 1.47876 4.17355e-08 0.000114949
0.363078 1.5991 3.80875e-08 0.000104902
0.363078 1.72924 3.42677e-08 9.43811e-05
0.363078 1.86997 3.05453e-08 8.41287e-05
0.363078 2.02216 2.70481e-08 7.44966e-05
0.363078 2.18672 2.3831e-08 6.5636e-05
0.363078 2.36469 2.09113e-08 5.75946e-05
0.363078 2.55713 1.82868e-08 5.03661e-05
0.363078 2.76524 1.59449e-08 4.39159e-05
0.363078 2.99028 1.38674e-08 3.81941e-05
0.363078 3.23364 1.20338e-08 3.31438e-05
0.363078 3.4968 1.04222e-08 2.87051e-05
0.363078 3.78138 9.01102e-09 2.48184e-05
0.363078 4.08911 7.77929e-09 2.1426e-05
0.363078 4.4219 6.7072e-09 1.84732e-05
0.363078 4.78176 5.77631e-09 1.59093e-05
0.363078 5.17092 4.96974e-09 1.36878e-05
0.363078 5.59174 4.27216e-09 1.17665e-05
0.363078 6.04681 3.66979e-09 1.01074e-05
0.363078 6.53891 3.15036e-09 8.67681e-06
0.363078 7.07107 2.70297e-09 7.44459e-06
0.363078 7.64653 2.31802e-09 6.38436e-06
0.363078 8.26882 1.98709e-09 5.4729e-06
0.363078 8.94176 1.70281e-09 4.68993e-06
0.363078 9.66947 1.45876e-09 4.01777e-06
0.363078 10.4564 1.24937e-09 3.44106e-06
0.363078 11.3074 1.0698e-09 2.94648e-06
0.363078 12.2276 9.1587e-10 2.52251e-06
0.363078 13.2227 7.83958e-10 2.1592e-06
0.363078 14.2988 6.70953e-10 1.84796e-06
0.363078 15.4625 5.74169e-10 1.58139e-06
0.363078 16.7209 4.91296e-10 1.35314e-06
0.363078 18.0816 4.20347e-10 1.15773e-06
0.363078 19.5532 3.59618e-10 9.9047e-07
0.363078 21.1445 3.07643e-10 8.47319e-07
0.363078 22.8653 2.63165e-10 7.24817e-07
0.363078 24.7261 2.25107e-10 6.19997e-07
0.363078 26.7384 1.92546e-10 5.30315e-07
0.363078 28.9144 1.64688e-10 4.53589e-07
0.363078 31.2675 1.40857e-10 3.87953e-07
0.363078 33.8122 1.20472e-10 3.31806e-07
0.363078 36.5639 1.03034e-10 2.83779e-07
0.363078 39.5396 8.81189e-11  2.427e-07
0.363078 42.7574 7.53617e-11 2.07563e-07
0.363078 46.2371 6.44505e-11 1.77511e-07
0.416869     1 1.28804e-08 3.0898e-05
0.416869 1.08138  2.504e-08 6.00667e-05
0.416869 1.16939 3.06028e-08 7.34111e-05
0.416869 1.26456 3.26055e-08 7.8215e-05
0.416869 1.36747 3.21175e-08 7.70444e-05
0.416869 1.47876 3.02291e-08 7.25145e-05
0.416869 1.5991 2.7704e-08 6.64572e-05
0.416869 1.72924 2.49835e-08 5.99311e-05
0.416869 1.86997 2.22976e-08 5.34883e-05
0.416869 2.02216 1.97582e-08 4.73966e-05
0.416869 2.18672 1.74146e-08 4.17746e-05
0.416869 2.36469 1.52841e-08 3.66639e-05
0.416869 2.55713 1.33672e-08 3.20658e-05
0.416869 2.76524 1.1656e-08 2.79608e-05
0.416869 2.99028 1.01377e-08 2.43186e-05
0.416869 3.23364 8.79734e-09 2.11033e-05
0.416869 3.4968 7.61925e-09 1.82773e-05
0.416869 3.78138 6.58763e-09 1.58026e-05
0.416869 4.08911 5.68718e-09 1.36426e-05
0.416869 4.4219 4.90341e-09 1.17625e-05
0.416869 4.78176 4.22287e-09  1.013e-05
0.416869 5.17092 3.63322e-09 8.71548e-06
0.416869 5.59174 3.12324e-09 7.49213e-06
0.416869 6.04681 2.68287e-09 6.43575e-06
0.416869 6.53891 2.30313e-09 5.52482e-06
0.416869 7.07107 1.97605e-09 4.74022e-06
0.416869 7.64653 1.69463e-09 4.06513e-06
0.416869 8.26882 1.4527e-09 3.48478e-06
0.416869 8.94176 1.24487e-09 2.98623e-06
0.416869 9.66947 1.06646e-09 2.55825e-06
0.416869 10.4564 9.13377e-10 2.19104e-06
0.416869 11.3074 7.82099e-10 1.87613e-06
0.416869 12.2276 6.69563e-10 1.60617e-06
0.416869 13.2227 5.73127e-10 1.37484e-06
0.416869 14.2988 4.90512e-10 1.17666e-06
0.416869 15.4625 4.19757e-10 1.00693e-06
0.416869 16.7209 3.59171e-10 8.6159e-07
0.416869 18.0816 3.07303e-10 7.37168e-07
0.416869 19.5532 2.62905e-10 6.30666e-07
0.416869 21.1445 2.24908e-10 5.39516e-07
0.416869 22.8653 1.92392e-10 4.61515e-07
0.416869 24.7261 1.64569e-10 3.94773e-07
0.416869 26.7384 1.40764e-10 3.37669e-07
0.416869 28.9144 1.20398e-10 2.88816e-07
0.416869 31.2675 1.02976e-10 2.47023e-07
0.416869 33.8122 8.80729e-11 2.11272e-07
0.416869 36.5639 7.53249e-11 1.80692e-07
0.416869 39.5396 6.44209e-11 1.54535e-07
0.416869 42.7574 5.50945e-11 1.32162e-07
0.416869 46.2371 4.71177e-11 1.13027e-07
0.47863     1 8.39048e-09 1.75302e-05
0.47863 1.08138 1.72907e-08 3.61253e-05
0.47863 1.16939 2.19878e-08 4.5939e-05
0.47863 1.26456 2.41121e-08 5.03772e-05
0.47863 1.36747 2.41955e-08 5.05515e-05
0.47863 1.47876 2.30242e-08 4.81044e-05
0.47863 1.5991 2.12323e-08 4.43606e-05
0.47863 1.72924 1.9213e-08 4.01417e-05
0.47863 1.86997 1.71796e-08 3.58932e-05
0.47863 2.02216 1.52385e-08 3.18376e-05
0.47863 2.18672 1.34383e-08 2.80766e-05
0.47863 2.36469 1.17977e-08 2.4649e-05
0.47863 2.55713 1.03198e-08 2.15612e-05
0.47863 2.76524 8.99948e-09 1.88026e-05
0.47863 2.99028 7.82755e-09 1.63541e-05
0.47863 3.23364 6.79281e-09 1.41922e-05
0.47863 3.4968 5.88324e-09 1.22918e-05
0.47863 3.78138 5.08671e-09 1.06276e-05
0.47863 4.08911 4.39143e-09  9.175e-06
0.47863 4.4219 3.78624e-09 7.91058e-06
0.47863 4.78176 3.26076e-09 6.81269e-06
0.47863 5.17092 2.80545e-09 5.86141e-06
0.47863 5.59174 2.41166e-09 5.03867e-06
0.47863 6.04681 2.07162e-09 4.32823e-06
0.47863 6.53891 1.7784e-09 3.7156e-06
0.47863 7.07107 1.52584e-09 3.18794e-06
0.47863 7.64653 1.30854e-09 2.73392e-06
0.47863 8.26882 1.12172e-09 2.34361e-06
0.47863 8.94176 9.61247e-10 2.00833e-06
0.47863 9.66947 8.23482e-10 1.7205e-06
0.47863 10.4564 7.0528e-10 1.47354e-06
0.47863 11.3074 6.03911e-10 1.26175e-06
0.47863 12.2276 5.17015e-10 1.0802e-06
0.47863 13.2227 4.4255e-10 9.24617e-07
0.47863 14.2988 3.78757e-10 7.91337e-07
0.47863 15.4625 3.24122e-10 6.77187e-07
0.47863 16.7209 2.7734e-10 5.79445e-07
0.47863 18.0816 2.37289e-10 4.95767e-07
0.47863 19.5532 2.03007e-10 4.24141e-07
0.47863 21.1445 1.73666e-10 3.62841e-07
0.47863 22.8653 1.48558e-10 3.10383e-07
0.47863 24.7261 1.27075e-10 2.65496e-07
0.47863 26.7384 1.08693e-10 2.27092e-07
0.47863 28.9144 9.29676e-11 1.94237e-07
0.47863 31.2675 7.95148e-11 1.6613e-07
0.47863 33.8122 6.8007e-11 1.42087e-07
0.47863 36.5639 5.81634e-11 1.21521e-07
0.47863 39.5396 4.97437e-11 1.03929e-07
0.47863 42.7574 4.25422e-11 8.88832e-08
0.47863 46.2371 3.63827e-11 7.60143e-08
0.549541     1 6.15354e-09 1.11976e-05
0.549541 1.08138 1.30311e-08 2.37127e-05
0.549541 1.16939 1.69049e-08 3.07618e-05
0.549541 1.26456 1.88231e-08 3.42524e-05
0.549541 1.36747 1.90813e-08 3.47223e-05
0.549541 1.47876 1.82699e-08 3.32457e-05
0.549541 1.5991 1.69076e-08 3.07667e-05
0.549541 1.72924 1.53297e-08 2.78954e-05
0.549541 1.86997 1.3722e-08 2.49699e-05
0.549541 2.02216 1.21787e-08 2.21615e-05
0.549541 2.18672 1.07434e-08 1.95497e-05
0.549541 2.36469 9.43344e-09 1.7166e-05
0.549541 2.55713 8.25245e-09 1.5017e-05
0.549541 2.76524 7.19698e-09 1.30963e-05
0.549541 2.99028 6.25994e-09 1.13912e-05
0.549541 3.23364 5.43251e-09 9.88554e-06
0.549541 3.4968 4.70512e-09 8.56192e-06
0.549541 3.78138 4.06811e-09 7.40275e-06
0.549541 4.08911 3.51207e-09 6.39092e-06
0.549541 4.4219 3.02807e-09 5.51019e-06
0.549541 4.78176 2.60782e-09 4.74544e-06
0.549541 5.17092 2.24368e-09 4.08282e-06
0.549541 5.59174 1.92874e-09 3.50974e-06
0.549541 6.04681 1.65679e-09 3.01487e-06
0.549541 6.53891 1.42229e-09 2.58814e-06
0.549541 7.07107 1.2203e-09 2.22059e-06
0.549541 7.64653 1.04651e-09 1.90434e-06
0.549541 8.26882 8.97108e-10 1.63247e-06
0.549541 8.94176 7.68765e-10 1.39892e-06
0.549541 9.66947 6.58586e-10 1.19843e-06
0.549541 10.4564 5.64053e-10 1.02641e-06
0.549541 11.3074 4.82983e-10 8.78884e-07
0.549541 12.2276 4.13486e-10 7.52421e-07
0.549541 13.2227 3.53933e-10 6.44051e-07
0.549541 14.2988 3.02914e-10 5.51213e-07
0.549541 15.4625 2.59219e-10 4.71701e-07
0.549541 16.7209 2.21805e-10 4.03618e-07
0.549541 18.0816 1.89774e-10 3.45331e-07
0.549541 19.5532 1.62356e-10 2.9544e-07
0.549541 21.1445 1.38891e-10 2.5274e-07
0.549541 22.8653 1.18811e-10  2.162e-07
0.549541 24.7261 1.01629e-10 1.84934e-07
0.549541 26.7384 8.69283e-11 1.58183e-07
0.549541 28.9144 7.43516e-11 1.35298e-07
0.549541 31.2675 6.35926e-11 1.15719e-07
0.549541 33.8122 5.43891e-11 9.89719e-08
0.549541 36.5639 4.65166e-11 8.46463e-08
0.549541 39.5396 3.97829e-11 7.2393e-08
0.549541 42.7574 3.40234e-11 6.19124e-08
0.549541 46.2371 2.90973e-11 5.29485e-08
0.630957     1 4.34747e-09 6.89028e-06
0.630957 1.08138 9.60905e-09 1.52293e-05
0.630957 1.16939 1.28881e-08 2.04262e-05
0.630957 1.26456 1.47394e-08 2.33604e-05
0.630957 1.36747 1.52201e-08 2.41222e-05
0.630957 1.47876 1.47407e-08 2.33624e-05
0.630957 1.5991 1.37326e-08 2.17647e-05
0.630957 1.72924 1.24975e-08 1.98073e-05
0.630957 1.86997 1.12099e-08 1.77664e-05
0.630957 2.02216 9.96021e-09 1.57859e-05
0.630957 2.18672 8.79171e-09 1.39339e-05
0.630957 2.36469 7.72227e-09 1.2239e-05
0.630957 2.55713 6.7567e-09 1.07087e-05
0.630957 2.76524 5.8931e-09 9.33993e-06
0.630957 2.99028 5.12609e-09 8.1243e-06
0.630957 3.23364 4.44865e-09 7.05064e-06
0.630957 3.4968 3.85306e-09 6.10668e-06
0.630957 3.78138 3.33143e-09 5.27996e-06
0.630957 4.08911 2.87609e-09 4.5583e-06
0.630957 4.4219 2.47975e-09 3.93013e-06
0.630957 4.78176 2.13559e-09 3.38469e-06
0.630957 5.17092 1.83739e-09 2.91207e-06
0.630957 5.59174 1.57949e-09 2.50332e-06
0.630957 6.04681 1.35678e-09 2.15036e-06
0.630957 6.53891 1.16474e-09 1.84599e-06
0.630957 7.07107 9.99333e-10 1.58384e-06
0.630957 7.64653 8.57011e-10 1.35827e-06
0.630957 8.26882 7.3466e-10 1.16436e-06
0.630957 8.94176 6.29558e-10 9.97782e-07
0.630957 9.66947 5.3933e-10 8.5478e-07
0.630957 10.4564 4.61915e-10 7.32086e-07
0.630957 11.3074 3.95525e-10 6.26864e-07
0.630957 12.2276 3.38613e-10 5.36665e-07
0.630957 13.2227 2.89843e-10 4.5937e-07
0.630957 14.2988 2.48063e-10 3.93153e-07
0.630957 15.4625 2.1228e-10 3.36441e-07
0.630957 16.7209 1.8164e-10 2.87881e-07
0.630957 18.0816 1.5541e-10 2.46308e-07
0.630957 19.5532 1.32957e-10 2.10723e-07
0.630957 21.1445 1.13741e-10 1.80267e-07
0.630957 22.8653 9.72967e-11 1.54205e-07
0.630957 24.7261 8.3226e-11 1.31904e-07
0.630957 26.7384 7.11874e-11 1.12824e-07
0.630957 28.9144 6.08881e-11 9.65011e-08
0.630957 31.2675 5.20773e-11 8.2537e-08
0.630957 33.8122 4.45404e-11 7.05918e-08
0.630957 36.5639 3.80934e-11 6.0374e-08
0.630957 39.5396 3.25791e-11 5.16343e-08
0.630957 42.7574 2.78625e-11 4.41591e-08
0.630957 46.2371 2.38284e-11 3.77655e-08
0.724436     1 2.9173e-09 4.02699e-06
0.724436 1.08138 6.81113e-09 9.40198e-06
0.724436 1.16939 9.57141e-09 1.32122e-05
0.724436 1.26456 1.13961e-08 1.5731e-05
0.724436 1.36747 1.21194e-08 1.67294e-05
0.724436 1.47876 1.19627e-08 1.65131e-05
0.724436 1.5991 1.12713e-08 1.55588e-05
0.724436 1.72924 1.03238e-08 1.42508e-05
0.724436 1.86997 9.29312e-09 1.28281e-05
0.724436 2.02216 8.27326e-09 1.14203e-05
0.724436 2.18672 7.31041e-09 1.00912e-05
0.724436 2.36469 6.42484e-09 8.86875e-06
0.724436 2.55713 5.62325e-09 7.76225e-06
0.724436 2.76524 4.90534e-09 6.77125e-06
0.724436 2.99028 4.26728e-09 5.89048e-06
0.724436 3.23364 3.70352e-09 5.11228e-06
0.724436 3.4968 3.20777e-09 4.42795e-06
0.724436 3.78138 2.77354e-09 3.82855e-06
0.724436 4.08911 2.39447e-09 3.30529e-06
0.724436 4.4219 2.0645e-09 2.84981e-06
0.724436 4.78176 1.77798e-09 2.4543e-06
0.724436 5.17092 1.52972e-09 2.1116e-06
0.724436 5.59174  1.315e-09 1.81521e-06
0.724436 6.04681 1.12959e-09 1.55927e-06
0.724436 6.53891 9.69706e-10 1.33857e-06
0.724436 7.07107 8.31996e-10 1.14847e-06
0.724436 7.64653 7.13505e-10 9.84912e-07
0.724436 8.26882 6.11642e-10 8.44301e-07
0.724436 8.94176 5.24139e-10 7.23513e-07
0.724436 9.66947 4.4902e-10 6.19819e-07
0.724436 10.4564 3.84568e-10 5.30851e-07
0.724436 11.3074 3.29294e-10 4.54553e-07
0.724436 12.2276 2.81912e-10 3.89147e-07
0.724436 13.2227 2.41309e-10 3.33099e-07
0.724436 14.2988 2.06525e-10 2.85084e-07
0.724436 15.4625 1.76734e-10 2.43961e-07
0.724436 16.7209 1.51225e-10 2.08748e-07
0.724436 18.0816 1.29386e-10 1.78603e-07
0.724436 19.5532 1.10693e-10 1.52799e-07
0.724436 21.1445 9.4695e-11 1.30716e-07
0.724436 22.8653 8.10044e-11 1.11817e-07
0.724436 24.7261 6.92899e-11 9.56467e-08
0.724436 26.7384 5.92671e-11 8.18114e-08
0.724436 28.9144 5.06924e-11 6.9975e-08
0.724436 31.2675 4.3357e-11 5.98493e-08
0.724436 33.8122 3.70821e-11 5.11876e-08
0.724436 36.5639 3.17147e-11 4.37785e-08
0.724436 39.5396 2.71237e-11 3.74412e-08
0.724436 42.7574 2.31969e-11 3.20207e-08
0.724436 46.2371 1.98384e-11 2.73846e-08
0.831764     1 1.63774e-09 1.96899e-06
0.831764 1.08138 4.14742e-09 4.9863e-06
0.831764 1.16939 6.30619e-09 7.58171e-06
0.831764 1.26456 8.10811e-09 9.74809e-06
0.831764 1.36747 9.17777e-09 1.10341e-05
0.831764 1.47876 9.46155e-09 1.13753e-05
0.831764 1.5991 9.16071e-09 1.10136e-05
0.831764 1.72924 8.52548e-09 1.02499e-05
0.831764 1.86997 7.74373e-09 9.31001e-06
0.831764 2.02216 6.92827e-09 8.32961e-06
0.831764 2.18672 6.13861e-09 7.38023e-06
0.831764 2.36469 5.40296e-09 6.49578e-06
0.831764 2.55713 4.73264e-09 5.68989e-06
0.831764 2.76524 4.13021e-09 4.96561e-06
0.831764 2.99028 3.59381e-09 4.32072e-06
0.831764 3.23364 3.11942e-09 3.75037e-06
0.831764 3.4968 2.70204e-09 3.24857e-06
0.831764 3.78138 2.33636e-09 2.80892e-06
0.831764 4.08911 2.01708e-09 2.42506e-06
0.831764 4.4219 1.73914e-09 2.0909e-06
0.831764 4.78176 1.49778e-09 1.80073e-06
0.831764 5.17092 1.28865e-09 1.54929e-06
0.831764 5.59174 1.10777e-09 1.33183e-06
0.831764 6.04681 9.51577e-10 1.14405e-06
0.831764 6.53891 8.16889e-10 9.82117e-07
0.831764 7.07107 7.00881e-10 8.42644e-07
0.831764 7.64653 6.01064e-10 7.22637e-07
0.831764 8.26882 5.15253e-10 6.19471e-07
0.831764 8.94176 4.4154e-10 5.30847e-07
0.831764 9.66947 3.78258e-10 4.54767e-07
0.831764 10.4564 3.23963e-10 3.8949e-07
0.831764 11.3074 2.77401e-10 3.33509e-07
0.831764 12.2276 2.37486e-10 2.8552e-07
0.831764 13.2227 2.03281e-10 2.44397e-07
0.831764 14.2988 1.73979e-10 2.09168e-07
0.831764 15.4625 1.48882e-10 1.78996e-07
0.831764 16.7209 1.27393e-10 1.5316e-07
0.831764 18.0816 1.08996e-10 1.31042e-07
0.831764 19.5532 9.32492e-11 1.1211e-07
0.831764 21.1445 7.9772e-11 9.5907e-08
0.831764 22.8653 6.82389e-11 8.20412e-08
0.831764 24.7261 5.83705e-11 7.01768e-08
0.831764 26.7384 4.99272e-11 6.00257e-08
0.831764 28.9144 4.27038e-11 5.13412e-08
0.831764 31.2675 3.65244e-11 4.39119e-08
0.831764 33.8122 3.12384e-11 3.75568e-08
0.831764 36.5639 2.67168e-11 3.21207e-08
0.831764 39.5396 2.28493e-11 2.74709e-08
0.831764 42.7574 1.95413e-11 2.34938e-08
0.831764 46.2371 1.6712e-11 2.00923e-08
0.954993     1 3.66972e-10 3.84267e-07
0.954993 1.08138 1.06152e-09 1.11155e-06
0.954993 1.16939 1.89767e-09 1.98711e-06
0.954993 1.26456 2.99436e-09 3.13548e-06
0.954993 1.36747 4.22496e-09 4.42408e-06
0.954993 1.47876 5.31868e-09 5.56934e-06
0.954993 1.5991 6.0118e-09 6.29512e-06
0.954993 1.72924 6.21838e-09 6.51145e-06
0.954993 1.86997 6.03216e-09 6.31645e-06
0.954993 2.02216 5.60911e-09 5.87346e-06
0.954993 2.18672 5.07932e-09 5.3187e-06
0.954993 2.36469 4.52489e-09 4.73814e-06
0.954993 2.55713 3.98976e-09 4.17779e-06
0.954993 2.76524 3.4944e-09 3.65909e-06
0.954993 2.99028 3.04648e-09 3.19006e-06
0.954993 3.23364 2.64711e-09 2.77186e-06
0.954993 3.4968 2.29422e-09 2.40234e-06
0.954993 3.78138 1.98433e-09 2.07785e-06
0.954993 4.08911 1.71344e-09 1.79419e-06
0.954993 4.4219 1.47747e-09 1.5471e-06
0.954993 4.78176 1.27249e-09 1.33246e-06
0.954993 5.17092 1.09484e-09 1.14644e-06
0.954993 5.59174 9.41177e-10 9.85533e-07
0.954993 6.04681 8.0848e-10 8.46583e-07
0.954993 6.53891 6.94049e-10 7.26758e-07
0.954993 7.07107 5.95487e-10 6.23551e-07
0.954993 7.64653 5.1068e-10 5.34748e-07
0.954993 8.26882 4.37773e-10 4.58405e-07
0.954993 8.94176 3.75144e-10 3.92824e-07
0.954993 9.66947 3.21379e-10 3.36525e-07
0.954993 10.4564 2.75248e-10 2.8822e-07
0.954993 11.3074 2.35687e-10 2.46795e-07
0.954993 12.2276 2.01774e-10 2.11284e-07
0.954993 13.2227 1.72713e-10 1.80853e-07
0.954993 14.2988 1.47817e-10 1.54784e-07
0.954993 15.4625 1.26495e-10 1.32456e-07
0.954993 16.7209 1.08237e-10 1.13338e-07
0.954993 18.0816 9.26064e-11 9.69708e-08
0.954993 19.5532 7.92271e-11 8.2961e-08
0.954993 21.1445 6.77765e-11 7.09707e-08
0.954993 22.8653 5.79777e-11 6.07101e-08
0.954993 24.7261 4.95932e-11 5.19305e-08
0.954993 26.7384 4.24196e-11 4.44187e-08
0.954993 28.9144 3.62823e-11 3.79923e-08
0.954993 31.2675 3.10321e-11 3.24946e-08
0.954993 33.8122 2.6541e-11 2.77918e-08
0.954993 36.5639 2.26993e-11 2.37691e-08
0.954993 39.5396 1.94134e-11 2.03283e-08
0.954993 42.7574 1.66029e-11 1.73853e-08
0.954993 46.2371 1.4199e-11 1.48682e-08
1.09648     1 1.16832e-09 1.06552e-06
1.09648 1.08138 2.96764e-09 2.70652e-06
1.09648 1.16939 4.52675e-09 4.12844e-06
1.09648 1.26456 5.8399e-09 5.32605e-06
1.09648 1.36747 6.62987e-09 6.04651e-06
1.09648 1.47876 6.84976e-09 6.24706e-06
1.09648 1.5991 6.64137e-09  6.057e-06
1.09648 1.72924 6.1861e-09 5.64179e-06
1.09648 1.86997 5.62161e-09 5.12697e-06
1.09648 2.02216 5.03099e-09 4.58832e-06
1.09648 2.18672 4.45825e-09 4.06597e-06
1.09648 2.36469 3.9243e-09 3.57901e-06
1.09648 2.55713 3.43759e-09 3.13512e-06
1.09648 2.76524 3.00009e-09 2.73611e-06
1.09648 2.99028 2.6105e-09 2.3808e-06
1.09648 3.23364 2.26592e-09 2.06654e-06
1.09648 3.4968 1.96275e-09 1.79005e-06
1.09648 3.78138 1.69712e-09 1.54779e-06
1.09648 4.08911 1.4652e-09 1.33628e-06
1.09648 4.4219 1.26331e-09 1.15215e-06
1.09648 4.78176 1.08799e-09 9.92255e-07
1.09648 5.17092 9.36072e-10 8.53708e-07
1.09648 5.59174 8.04682e-10 7.33879e-07
1.09648 6.04681 6.91225e-10 6.30405e-07
1.09648 6.53891 5.93388e-10 5.41176e-07
1.09648 7.07107 5.09119e-10 4.64322e-07
1.09648 7.64653 4.36612e-10 3.98195e-07
1.09648 8.26882 3.7428e-10 3.41347e-07
1.09648 8.94176 3.20734e-10 2.92513e-07
1.09648 9.66947 2.74767e-10 2.5059e-07
1.09648 10.4564 2.35327e-10 2.14621e-07
1.09648 11.3074 2.01504e-10 1.83774e-07
1.09648 12.2276 1.72509e-10 1.5733e-07
1.09648 13.2227 1.47663e-10 1.3467e-07
1.09648 14.2988 1.26378e-10 1.15258e-07
1.09648 15.4625 1.08148e-10 9.86322e-08
1.09648 16.7209 9.25384e-11 8.4396e-08
1.09648 18.0816 7.91749e-11 7.22084e-08
1.09648 19.5532 6.77361e-11 6.17761e-08
1.09648 21.1445 5.79463e-11 5.28477e-08
1.09648 22.8653 4.95687e-11 4.52072e-08
1.09648 24.7261 4.24003e-11 3.86695e-08
1.09648 26.7384 3.62671e-11 3.3076e-08
1.09648 28.9144  3.102e-11 2.82906e-08
1.09648 31.2675 2.65313e-11 2.41968e-08
1.09648 33.8122 2.26915e-11 2.06949e-08
1.09648 36.5639 1.94071e-11 1.76995e-08
1.09648 39.5396 1.65977e-11 1.51373e-08
1.09648 42.7574 1.41948e-11 1.29458e-08
1.09648 46.2371 1.21396e-11 1.10715e-08
1.25893     1 1.68128e-09 1.33549e-06
1.25893 1.08138 3.83856e-09 3.04908e-06
1.25893 1.16939 5.2895e-09 4.2016e-06
1.25893 1.26456 6.1896e-09 4.91658e-06
1.25893 1.36747 6.4979e-09 5.16146e-06
1.25893 1.47876 6.35996e-09 5.05189e-06
1.25893 1.5991 5.96214e-09 4.73589e-06
1.25893 1.72924 5.44516e-09 4.32524e-06
1.25893 1.86997 4.89371e-09 3.88721e-06
1.25893 2.02216 4.35285e-09 3.45759e-06
1.25893 2.18672 3.84444e-09 3.05374e-06
1.25893 2.36469 3.37787e-09 2.68314e-06
1.25893 2.55713 2.95603e-09 2.34806e-06
1.25893 2.76524 2.57845e-09 2.04813e-06
1.25893 2.99028 2.24297e-09 1.78165e-06
1.25893 3.23364 1.94661e-09 1.54625e-06
1.25893 3.4968 1.68602e-09 1.33925e-06
1.25893 3.78138 1.45778e-09 1.15795e-06
1.25893 4.08911 1.25854e-09 9.99691e-07
1.25893 4.4219 1.0851e-09 8.61928e-07
1.25893 4.78176 9.34508e-10 7.42306e-07
1.25893 5.17092 8.04021e-10 6.38657e-07
1.25893 5.59174 6.91165e-10 5.49012e-07
1.25893 6.04681 5.93713e-10 4.71603e-07
1.25893 6.53891 5.09677e-10 4.04851e-07
1.25893 7.07107 4.37297e-10 3.47357e-07
1.25893 7.64653 3.75018e-10 2.97888e-07
1.25893 8.26882 3.21479e-10 2.5536e-07
1.25893 8.94176 2.75487e-10 2.18827e-07
1.25893 9.66947 2.36005e-10 1.87465e-07
1.25893 10.4564 2.02129e-10 1.60556e-07
1.25893 11.3074 1.73077e-10 1.3748e-07
1.25893 12.2276 1.48173e-10 1.17698e-07
1.25893 13.2227 1.26832e-10 1.00746e-07
1.25893 14.2988 1.08549e-10 8.62239e-08
1.25893 15.4625 9.28913e-11 7.37862e-08
1.25893 16.7209 7.94838e-11 6.31362e-08
1.25893 18.0816 6.80055e-11 5.40187e-08
1.25893 19.5532 5.81804e-11 4.62144e-08
1.25893 21.1445 4.97717e-11 3.95351e-08
1.25893 22.8653 4.25759e-11 3.38193e-08
1.25893 24.7261 3.64188e-11 2.89285e-08
1.25893 26.7384 3.11508e-11 2.4744e-08
1.25893 28.9144 2.66439e-11 2.1164e-08
1.25893 31.2675 2.27884e-11 1.81015e-08
1.25893 33.8122 1.94904e-11 1.54818e-08
1.25893 36.5639 1.66693e-11 1.32409e-08
1.25893 39.5396 1.42562e-11 1.13241e-08
1.25893 42.7574 1.21923e-11 9.6847e-09
1.25893 46.2371 1.04271e-11 8.2825e-09
1.44544     1 1.65324e-09 1.14376e-06
1.44544 1.08138 3.64558e-09 2.52212e-06
1.44544 1.16939 4.88046e-09 3.37645e-06
1.44544 1.26456  5.573e-09 3.85557e-06
1.44544 1.36747 5.74859e-09 3.97705e-06
1.44544 1.47876 5.56384e-09 3.84924e-06
1.44544 1.5991 5.18139e-09 3.58465e-06
1.44544 1.72924 4.71442e-09 3.26158e-06
1.44544 1.86997 4.22822e-09 2.92521e-06
1.44544 2.02216 3.75666e-09 2.59897e-06
1.44544 2.18672 3.31585e-09 2.29401e-06
1.44544 2.36469 2.91247e-09 2.01494e-06
1.44544 2.55713 2.5483e-09 1.76299e-06
1.44544 2.76524 2.22258e-09 1.53765e-06
1.44544 2.99028 1.93331e-09 1.33752e-06
1.44544 3.23364 1.67782e-09 1.16076e-06
1.44544 3.4968 1.45319e-09 1.00536e-06
1.44544 3.78138 1.25646e-09 8.69256e-07
1.44544 4.08911 1.08473e-09 7.50447e-07
1.44544 4.4219 9.35243e-10 6.4703e-07
1.44544 4.78176 8.05445e-10 5.57232e-07
1.44544 5.17092 6.92979e-10 4.79425e-07
1.44544 5.59174 5.95709e-10 4.1213e-07
1.44544 6.04681 5.11716e-10 3.54021e-07
1.44544 6.53891 4.39286e-10 3.03912e-07
1.44544 7.07107 3.76902e-10 2.60753e-07
1.44544 7.64653 3.23225e-10 2.23617e-07
1.44544 8.26882 2.7708e-10 1.91693e-07
1.44544 8.94176 2.3744e-10 1.64268e-07
1.44544 9.66947 2.0341e-10 1.40726e-07
1.44544 10.4564 1.74213e-10 1.20526e-07
1.44544 11.3074 1.49174e-10 1.03203e-07
1.44544 12.2276 1.27709e-10 8.83531e-08
1.44544 13.2227 1.09315e-10 7.56278e-08
1.44544 14.2988 9.35579e-11 6.47262e-08
1.44544 15.4625 8.00623e-11 5.53896e-08
1.44544 16.7209 6.85064e-11 4.73948e-08
1.44544 18.0816 5.86134e-11 4.05505e-08
1.44544 19.5532 5.01452e-11 3.4692e-08
1.44544 21.1445 4.28978e-11 2.9678e-08
1.44544 22.8653 3.66958e-11 2.53873e-08
1.44544 24.7261 3.1389e-11 2.17159e-08
1.44544 26.7384 2.68486e-11 1.85747e-08
1.44544 28.9144 2.29642e-11 1.58873e-08
1.44544 31.2675 1.96412e-11 1.35884e-08
1.44544 33.8122 1.67986e-11 1.16218e-08
1.44544 36.5639 1.43671e-11 9.9396e-09
1.44544 39.5396 1.22873e-11 8.50075e-09
1.44544 42.7574 1.05084e-11 7.27007e-09
1.44544 46.2371 8.98699e-12 6.21748e-09
1.65959     1 1.76305e-09 1.06234e-06
1.65959 1.08138 3.65124e-09 2.20009e-06
1.65959 1.16939 4.65975e-09 2.80778e-06
1.65959 1.26456 5.12382e-09 3.08741e-06
1.65959 1.36747 5.15086e-09 3.1037e-06
1.65959 1.47876 4.90694e-09 2.95672e-06
1.65959 1.5991 4.52796e-09 2.72837e-06
1.65959 1.72924 4.09884e-09 2.46979e-06
1.65959 1.86997 3.6658e-09 2.20887e-06
1.65959 2.02216  3.252e-09 1.95952e-06
1.65959 2.18672 2.86803e-09 1.72816e-06
1.65959 2.36469 2.51801e-09 1.51725e-06
1.65959 2.55713 2.20263e-09 1.32721e-06
1.65959 2.76524 1.92085e-09 1.15743e-06
1.65959 2.99028 1.67073e-09 1.00671e-06
1.65959 3.23364 1.44988e-09 8.73642e-07
1.65959 3.4968 1.25575e-09 7.56663e-07
1.65959 3.78138 1.08574e-09 6.5422e-07
1.65959 4.08911 9.37333e-10 5.64799e-07
1.65959 4.4219 8.0816e-10 4.86965e-07
1.65959 4.78176 6.95998e-10 4.1938e-07
1.65959 5.17092 5.98814e-10 3.60821e-07
1.65959 5.59174 5.14762e-10 3.10174e-07
1.65959 6.04681 4.42182e-10 2.66441e-07
1.65959 6.53891 3.79594e-10 2.28728e-07
1.65959 7.07107 3.25687e-10 1.96246e-07
1.65959 7.64653 2.79304e-10 1.68297e-07
1.65959 8.26882 2.39429e-10 1.4427e-07
1.65959 8.94176 2.05176e-10 1.23631e-07
1.65959 9.66947 1.7577e-10 1.05912e-07
1.65959 10.4564 1.5054e-10 9.07093e-08
1.65959 11.3074 1.28903e-10 7.76719e-08
1.65959 12.2276 1.10355e-10 6.64957e-08
1.65959 13.2227 9.4461e-11 5.69184e-08
1.65959 14.2988 8.08448e-11 4.87138e-08
1.65959 15.4625 6.9183e-11 4.16869e-08
1.65959 16.7209 5.91974e-11  3.567e-08
1.65959 18.0816 5.06487e-11 3.05188e-08
1.65959 19.5532 4.33312e-11 2.61097e-08
1.65959 21.1445 3.70686e-11 2.23361e-08
1.65959 22.8653 3.17094e-11 1.91068e-08
1.65959 24.7261 2.71237e-11 1.63437e-08
1.65959 26.7384 2.32003e-11 1.39796e-08
1.65959 28.9144 1.98437e-11 1.1957e-08
1.65959 31.2675 1.69722e-11 1.02268e-08
1.65959 33.8122 1.45159e-11 8.7467e-09
1.65959 36.5639 1.24148e-11 7.48067e-09
1.65959 39.5396 1.06177e-11 6.39777e-09
1.65959 42.7574 9.08051e-12 5.47155e-09
1.65959 46.2371 7.76579e-12 4.67935e-09
1.90546     1 2.05264e-09 1.07724e-06
1.90546 1.08138 3.82784e-09 2.00888e-06
1.90546 1.16939 4.55797e-09 2.39206e-06
1.90546 1.26456 4.7703e-09 2.50349e-06
1.90546 1.36747 4.64742e-09  2.439e-06
1.90546 1.47876 4.34647e-09 2.28106e-06
1.90546 1.5991 3.96938e-09 2.08316e-06
1.90546 1.72924 3.57274e-09  1.875e-06
1.90546 1.86997 3.18538e-09 1.67171e-06
1.90546 2.02216 2.82106e-09 1.48051e-06
1.90546 2.18672 2.48572e-09 1.30452e-06
1.90546 2.36469 2.18129e-09 1.14476e-06
1.90546 2.55713 1.90758e-09 1.00111e-06
1.90546 2.76524 1.66331e-09 8.72919e-07
1.90546 2.99028 1.44662e-09 7.59196e-07
1.90546 3.23364 1.25535e-09 6.58815e-07
1.90546 3.4968 1.08724e-09 5.70589e-07
1.90546 3.78138 9.40026e-10 4.93333e-07
1.90546 4.08911 8.11536e-10  4.259e-07
1.90546 4.4219 6.99696e-10 3.67206e-07
1.90546 4.78176 6.02587e-10 3.16242e-07
1.90546 5.17092 5.18446e-10 2.72084e-07
1.90546 5.59174 4.45674e-10 2.33893e-07
1.90546 6.04681 3.82835e-10 2.00915e-07
1.90546 6.53891 3.28648e-10 1.72477e-07
1.90546 7.07107 2.81976e-10 1.47983e-07
1.90546 7.64653 2.41818e-10 1.26908e-07
1.90546 8.26882 2.07295e-10 1.0879e-07
1.90546 8.94176 1.77638e-10 9.3226e-08
1.90546 9.66947 1.52179e-10 7.98649e-08
1.90546 10.4564 1.30336e-10 6.84011e-08
1.90546 11.3074 1.11603e-10  5.857e-08
1.90546 12.2276 9.55443e-11 5.01423e-08
1.90546 13.2227 8.17832e-11 4.29204e-08
1.90546 14.2988 6.99944e-11 3.67336e-08
1.90546 15.4625 5.98978e-11 3.14348e-08
1.90546 16.7209 5.12524e-11 2.68976e-08
1.90546 18.0816 4.3851e-11 2.30133e-08
1.90546 19.5532 3.75156e-11 1.96885e-08
1.90546 21.1445 3.20936e-11 1.68429e-08
1.90546 22.8653 2.74536e-11 1.44079e-08
1.90546 24.7261 2.34834e-11 1.23243e-08
1.90546 26.7384 2.00865e-11 1.05416e-08
1.90546 28.9144 1.71804e-11 9.01641e-09
1.90546 31.2675 1.46943e-11 7.7117e-09
1.90546 33.8122 1.25677e-11 6.59562e-09
1.90546 36.5639 1.07486e-11 5.64094e-09
1.90546 39.5396 9.19263e-12 4.82436e-09
1.90546 42.7574 7.86179e-12 4.12593e-09
1.90546 46.2371 6.72352e-12 3.52856e-09
2.18776     1 1.72375e-09 7.87905e-07
2.18776 1.08138 3.2541e-09 1.48741e-06
2.18776 1.16939 3.90394e-09 1.78444e-06
2.18776 1.26456 4.10658e-09 1.87707e-06
2.18776 1.36747 4.01327e-09 1.83442e-06
2.18776 1.47876 3.76014e-09 1.71871e-06
2.18776 1.5991 3.43737e-09 1.57118e-06
2.18776 1.72924 3.09561e-09 1.41496e-06
2.18776 1.86997 2.76081e-09 1.26194e-06
2.18776 2.02216 2.44546e-09 1.11779e-06
2.18776 2.18672 2.15497e-09 9.85011e-07
2.18776 2.36469 1.89114e-09 8.64419e-07
2.18776 2.55713 1.65389e-09 7.55974e-07
2.18776 2.76524 1.44213e-09 6.59182e-07
2.18776 2.99028 1.25427e-09 5.73311e-07
2.18776 3.23364 1.08843e-09 4.9751e-07
2.18776 3.4968 9.42678e-10 4.30887e-07
2.18776 3.78138 8.15044e-10 3.72547e-07
2.18776 4.08911 7.03638e-10 3.21625e-07
2.18776 4.4219 6.06669e-10 2.77301e-07
2.18776 4.78176 5.22471e-10 2.38815e-07
2.18776 5.17092 4.49517e-10 2.05469e-07
2.18776 5.59174 3.8642e-10 1.76628e-07
2.18776 6.04681 3.31936e-10 1.51724e-07
2.18776 6.53891 2.84953e-10 1.30249e-07
2.18776 7.07107 2.44486e-10 1.11752e-07
2.18776 7.64653 2.09667e-10 9.58364e-08
2.18776 8.26882 1.79734e-10 8.21544e-08
2.18776 8.94176 1.54021e-10 7.04012e-08
2.18776 9.66947 1.31947e-10 6.03113e-08
2.18776 10.4564 1.13007e-10 5.16543e-08
2.18776 11.3074 9.67649e-11 4.42301e-08
2.18776 12.2276 8.28414e-11 3.78658e-08
2.18776 13.2227 7.09099e-11 3.24121e-08
2.18776 14.2988 6.06885e-11  2.774e-08
2.18776 15.4625 5.19342e-11 2.37385e-08
2.18776 16.7209 4.44382e-11 2.03122e-08
2.18776 18.0816 3.80209e-11 1.73789e-08
2.18776 19.5532 3.25279e-11 1.48681e-08
2.18776 21.1445 2.78266e-11 1.27192e-08
2.18776 22.8653 2.38036e-11 1.08803e-08
2.18776 24.7261 2.03612e-11 9.30687e-09
2.18776 26.7384 1.7416e-11 7.96063e-09
2.18776 28.9144 1.48962e-11 6.8089e-09
2.18776 31.2675 1.27407e-11 5.82362e-09
2.18776 33.8122 1.08968e-11 4.98079e-09
2.18776 36.5639 9.31955e-12 4.25985e-09
2.18776 39.5396 7.97045e-12 3.6432e-09
2.18776 42.7574 6.81655e-12 3.11576e-09
2.18776 46.2371 5.82962e-12 2.66465e-09
2.51189     1 1.23316e-09 4.9093e-07
2.51189 1.08138 2.49482e-09 9.93206e-07
2.51189 1.16939 3.13173e-09 1.24677e-06
2.51189 1.26456 3.40153e-09 1.35417e-06
2.51189 1.36747 3.39215e-09 1.35044e-06
2.51189 1.47876 3.21608e-09 1.28034e-06
2.51189 1.5991 2.95967e-09 1.17827e-06
2.51189 1.72924 2.6752e-09 1.06502e-06
2.51189 1.86997 2.39066e-09 9.51738e-07
2.51189 2.02216 2.11989e-09 8.43943e-07
2.51189 2.18672 1.86918e-09 7.44133e-07
2.51189 2.36469 1.64087e-09 6.53241e-07
2.51189 2.55713 1.43527e-09 5.7139e-07
2.51189 2.76524 1.25162e-09 4.98279e-07
2.51189 2.99028 1.08863e-09 4.33391e-07
2.51189 3.23364 9.44723e-10 3.76101e-07
2.51189 3.4968 8.18226e-10 3.25742e-07
2.51189 3.78138 7.07448e-10 2.8164e-07
2.51189 4.08911 6.10752e-10 2.43145e-07
2.51189 4.4219 5.26586e-10 2.09638e-07
2.51189 4.78176 4.53503e-10 1.80543e-07
2.51189 5.17092 3.9018e-10 1.55333e-07
2.51189 5.59174 3.35412e-10 1.3353e-07
2.51189 6.04681 2.8812e-10 1.14703e-07
2.51189 6.53891 2.47339e-10 9.84674e-08
2.51189 7.07107 2.12214e-10 8.44838e-08
2.51189 7.64653 1.81991e-10 7.24519e-08
2.51189 8.26882 1.56009e-10 6.21084e-08
2.51189 8.94176 1.3369e-10 5.3223e-08
2.51189 9.66947 1.1453e-10 4.55951e-08
2.51189 10.4564 9.80902e-11 3.90504e-08
2.51189 11.3074 8.39919e-11 3.34378e-08
2.51189 12.2276 7.19063e-11 2.86264e-08
2.51189 13.2227 6.15498e-11 2.45034e-08
2.51189 14.2988 5.26775e-11 2.09713e-08
2.51189 15.4625 4.50789e-11 1.79462e-08
2.51189 16.7209 3.85724e-11 1.53559e-08
2.51189 18.0816 3.30021e-11 1.31384e-08
2.51189 19.5532 2.82342e-11 1.12402e-08
2.51189 21.1445 2.41535e-11 9.61569e-09
2.51189 22.8653 2.06615e-11 8.22549e-09
2.51189 24.7261 1.76735e-11 7.03596e-09
2.51189 26.7384 1.51171e-11 6.01821e-09
2.51189 28.9144 1.29299e-11 5.1475e-09
2.51189 31.2675 1.10589e-11 4.40263e-09
2.51189 33.8122 9.45841e-12 3.76546e-09
2.51189 36.5639 8.08936e-12 3.22043e-09
2.51189 39.5396 6.91835e-12 2.75424e-09
2.51189 42.7574 5.91676e-12 2.3555e-09
2.51189 46.2371 5.0601e-12 2.01446e-09
2.88403     1 8.33326e-10 2.88945e-07
2.88403 1.08138 1.82193e-09 6.31732e-07
2.88403 1.16939 2.42246e-09 8.39957e-07
2.88403 1.26456 2.75084e-09 9.53817e-07
2.88403 1.36747 2.82654e-09 9.80066e-07
2.88403 1.47876 2.72916e-09 9.46301e-07
2.88403 1.5991 2.53808e-09 8.80047e-07
2.88403 1.72924 2.30762e-09 8.00135e-07
2.88403 1.86997 2.06882e-09 7.17335e-07
2.88403 2.02216 1.83772e-09 6.37206e-07
2.88403 2.18672 1.62193e-09 5.62383e-07
2.88403 2.36469 1.42456e-09 4.93947e-07
2.88403 2.55713 1.24641e-09 4.32177e-07
2.88403 2.76524 1.0871e-09 3.76937e-07
2.88403 2.99028 9.45611e-10 3.27878e-07
2.88403 3.23364 8.20649e-10 2.84549e-07
2.88403 3.4968 7.10783e-10 2.46455e-07
2.88403 3.78138 6.14561e-10 2.13091e-07
2.88403 4.08911 5.30566e-10 1.83967e-07
2.88403 4.4219 4.57451e-10 1.58615e-07
2.88403 4.78176 3.93965e-10 1.36602e-07
2.88403 5.17092 3.38955e-10 1.17528e-07
2.88403 5.59174 2.91378e-10 1.01032e-07
2.88403 6.04681 2.50295e-10 8.67865e-08
2.88403 6.53891 2.14868e-10 7.45026e-08
2.88403 7.07107 1.84354e-10 6.39223e-08
2.88403 7.64653 1.58099e-10 5.48187e-08
2.88403 8.26882 1.35528e-10 4.69926e-08
2.88403 8.94176 1.16139e-10 4.02697e-08
2.88403 9.66947 9.94941e-11 3.44983e-08
2.88403 10.4564 8.52128e-11 2.95464e-08
2.88403 11.3074 7.29653e-11 2.52998e-08
2.88403 12.2276 6.24664e-11 2.16594e-08
2.88403 13.2227 5.34694e-11 1.85398e-08
2.88403 14.2988 4.5762e-11 1.58674e-08
2.88403 15.4625 3.91609e-11 1.35785e-08
2.88403 16.7209 3.35085e-11 1.16186e-08
2.88403 18.0816 2.86696e-11 9.94079e-09
2.88403 19.5532 2.45275e-11 8.5046e-09
2.88403 21.1445 2.09826e-11 7.27544e-09
2.88403 22.8653 1.7949e-11 6.22359e-09
2.88403 24.7261 1.53533e-11 5.32356e-09
2.88403 26.7384 1.31325e-11 4.55351e-09
2.88403 28.9144 1.12325e-11 3.89471e-09
2.88403 31.2675 9.60709e-12 3.33113e-09
2.88403 33.8122 8.21669e-12 2.84903e-09
2.88403 36.5639 7.02738e-12 2.43665e-09
2.88403 39.5396 6.0101e-12 2.08392e-09
2.88403 42.7574   5.14e-12 1.78223e-09
2.88403 46.2371 4.39581e-12 1.52419e-09
3.31131     1 6.50007e-10 1.96299e-07
3.31131 1.08138 1.46349e-09 4.41966e-07
3.31131 1.16939 1.99301e-09 6.0188e-07
3.31131 1.26456 2.30873e-09 6.97226e-07
3.31131 1.36747 2.4061e-09 7.26632e-07
3.31131 1.47876 2.34413e-09 7.07915e-07
3.31131 1.5991 2.19155e-09 6.61837e-07
3.31131 1.72924 1.99851e-09 6.03542e-07
3.31131 1.86997 1.79468e-09 5.41985e-07
3.31131 2.02216 1.59566e-09 4.81883e-07
3.31131 2.18672  1.409e-09 4.25511e-07
3.31131 2.36469 1.23788e-09 3.73834e-07
3.31131 2.55713 1.08324e-09 3.27134e-07
3.31131 2.76524 9.44866e-10 2.85345e-07
3.31131 2.99028 8.2193e-10 2.48219e-07
3.31131 3.23364 7.13331e-10 2.15423e-07
3.31131 3.4968 6.17842e-10 1.86585e-07
3.31131 3.78138 5.34207e-10 1.61328e-07
3.31131 4.08911 4.61196e-10 1.39279e-07
3.31131 4.4219 3.97643e-10 1.20086e-07
3.31131 4.78176 3.42457e-10 1.0342e-07
3.31131 5.17092 2.9464e-10 8.89799e-08
3.31131 5.59174 2.53284e-10 7.64904e-08
3.31131 6.04681 2.17572e-10 6.57056e-08
3.31131 6.53891 1.86776e-10 5.64055e-08
3.31131 7.07107 1.60252e-10 4.83953e-08
3.31131 7.64653 1.37429e-10 4.1503e-08
3.31131 8.26882 1.17809e-10 3.55779e-08
3.31131 8.94176 1.00955e-10 3.0488e-08
3.31131 9.66947 8.64865e-11 2.61185e-08
3.31131 10.4564 7.40723e-11 2.23695e-08
3.31131 11.3074 6.3426e-11 1.91543e-08
3.31131 12.2276 5.42997e-11 1.63982e-08
3.31131 13.2227 4.6479e-11 1.40364e-08
3.31131 14.2988 3.97792e-11 1.20131e-08
3.31131 15.4625 3.40411e-11 1.02802e-08
3.31131 16.7209 2.91277e-11 8.79643e-09
3.31131 18.0816 2.49214e-11 7.52613e-09
3.31131 19.5532 2.13209e-11 6.4388e-09
3.31131 21.1445 1.82394e-11 5.50821e-09
3.31131 22.8653 1.56024e-11 4.71186e-09
3.31131 24.7261 1.33461e-11 4.03045e-09
3.31131 26.7384 1.14156e-11 3.44744e-09
3.31131 28.9144 9.76397e-12 2.94867e-09
3.31131 31.2675 8.35108e-12 2.52199e-09
3.31131 33.8122 7.14247e-12 2.15699e-09
3.31131 36.5639 6.10864e-12 1.84478e-09
3.31131 39.5396 5.22435e-12 1.57773e-09
3.31131 42.7574 4.46801e-12 1.34932e-09
3.31131 46.2371 3.82111e-12 1.15396e-09
3.80189     1 2.44292e-10 6.42553e-08
3.80189 1.08138 2.40203e-10 6.31799e-08
3.80189 1.16939 2.22333e-10 5.84796e-08
3.80189 1.26456 2.02411e-10 5.32396e-08
3.80189 1.36747 1.82698e-10 4.80545e-08
3.80189 1.47876 1.63951e-10 4.31234e-08
3.80189 1.5991 1.46435e-10 3.85163e-08
3.80189 1.72924 1.30237e-10 3.42557e-08
3.80189 1.86997 1.15372e-10 3.03459e-08
3.80189 2.02216 1.01823e-10 2.67821e-08
3.80189 2.18672 8.95514e-11 2.35544e-08
3.80189 2.36469 7.85043e-11 2.06487e-08
3.80189 2.55713 6.86159e-11 1.80478e-08
3.80189 2.76524 5.98118e-11 1.57321e-08
3.80189 2.99028 5.20111e-11 1.36803e-08
3.80189 3.23364 4.51302e-11 1.18705e-08
3.80189 3.4968 3.90846e-11 1.02803e-08
3.80189 3.78138 3.37917e-11 8.88814e-09
3.80189 4.08911 2.91724e-11 7.67311e-09
3.80189 4.4219 2.51519e-11 6.61561e-09
3.80189 4.78176 2.1661e-11 5.69742e-09
3.80189 5.17092 1.86363e-11 4.90185e-09
3.80189 5.59174 1.60204e-11 4.2138e-09
3.80189 6.04681 1.37616e-11 3.61966e-09
3.80189 6.53891 1.18137e-11 3.10732e-09
3.80189 7.07107 1.0136e-11 2.66604e-09
3.80189 7.64653 8.69246e-12 2.28635e-09
3.80189 8.26882 7.45149e-12 1.95994e-09
3.80189 8.94176 6.38546e-12 1.67955e-09
3.80189 9.66947 5.4703e-12 1.43883e-09
3.80189 10.4564 4.68509e-12 1.23231e-09
3.80189 11.3074 4.01171e-12 1.05519e-09
3.80189 12.2276 3.43447e-12 9.03357e-10
3.80189 13.2227 2.93981e-12 7.73248e-10
3.80189 14.2988 2.51604e-12 6.61787e-10
3.80189 15.4625 2.15311e-12 5.66325e-10
3.80189 16.7209 1.84234e-12 4.84584e-10
3.80189 18.0816 1.57628e-12 4.14605e-10
3.80189 19.5532 1.34855e-12 3.54705e-10
3.80189 21.1445 1.15365e-12 3.0344e-10
3.80189 22.8653 9.86857e-13 2.5957e-10
3.80189 24.7261 8.44142e-13 2.22032e-10
3.80189 26.7384 7.22037e-13 1.89915e-10
3.80189 28.9144 6.17574e-13 1.62438e-10
3.80189 31.2675 5.28208e-13 1.38933e-10
3.80189 33.8122 4.51763e-13 1.18826e-10
3.80189 36.5639 3.86373e-13 1.01626e-10
3.80189 39.5396 3.30442e-13 8.6915e-11
3.80189 42.7574 2.82603e-13 7.43321e-11
3.80189 46.2371 2.41686e-13  6.357e-11
4.36516     1 4.74202e-11 1.08633e-08
4.36516 1.08138 4.93889e-11 1.13143e-08
4.36516 1.16939 4.6397e-11 1.06289e-08
4.36516 1.26456 4.25278e-11 9.74255e-09
4.36516 1.36747 3.85147e-11 8.82321e-09
4.36516 1.47876 3.46217e-11 7.93137e-09
4.36516 1.5991 3.09503e-11 7.0903e-09
4.36516 1.72924 2.75395e-11 6.30893e-09
4.36516 1.86997 2.44022e-11 5.59022e-09
4.36516 2.02216 2.15392e-11 4.93435e-09
4.36516 2.18672 1.89447e-11 4.33998e-09
4.36516 2.36469 1.66082e-11 3.80473e-09
4.36516 2.55713 1.45165e-11 3.32555e-09
4.36516 2.76524 1.2654e-11 2.89887e-09
4.36516 2.99028 1.10037e-11 2.52081e-09
4.36516 3.23364  9.548e-12 2.18732e-09
4.36516 3.4968 8.26897e-12 1.89431e-09
4.36516 3.78138 7.14918e-12 1.63778e-09
4.36516 4.08911 6.17188e-12 1.4139e-09
4.36516 4.4219 5.32127e-12 1.21903e-09
4.36516 4.78176 4.58272e-12 1.04984e-09
4.36516 5.17092 3.94281e-12 9.03245e-10
4.36516 5.59174 3.38937e-12 7.7646e-10
4.36516 6.04681 2.91147e-12 6.6698e-10
4.36516 6.53891 2.49937e-12 5.72573e-10
4.36516 7.07107 2.14443e-12 4.91261e-10
4.36516 7.64653 1.83903e-12 4.21297e-10
4.36516 8.26882 1.57648e-12 3.61151e-10
4.36516 8.94176 1.35094e-12 3.09483e-10
4.36516 9.66947 1.15733e-12 2.65128e-10
4.36516 10.4564 9.91205e-13 2.27072e-10
4.36516 11.3074 8.48741e-13 1.94435e-10
4.36516 12.2276 7.26616e-13 1.66458e-10
4.36516 13.2227 6.21962e-13 1.42483e-10
4.36516 14.2988 5.32308e-13 1.21945e-10
4.36516 15.4625 4.55523e-13 1.04354e-10
4.36516 16.7209 3.89775e-13 8.92923e-11
4.36516 18.0816 3.33487e-13 7.63975e-11
4.36516 19.5532 2.85307e-13 6.53601e-11
4.36516 21.1445 2.44072e-13 5.59136e-11
4.36516 22.8653 2.08785e-13 4.78299e-11
4.36516 24.7261 1.78591e-13 4.09129e-11
4.36516 26.7384 1.52758e-13 3.49949e-11
4.36516 28.9144 1.30657e-13 2.99319e-11
4.36516 31.2675 1.11751e-13 2.56006e-11
4.36516 33.8122 9.55775e-14 2.18955e-11
4.36516 36.5639 8.17432e-14 1.87263e-11
4.36516 39.5396 6.99101e-14 1.60155e-11
4.36516 42.7574 5.9789e-14 1.36969e-11
4.36516 46.2371 5.11325e-14 1.17138e-11
5.01187     1 2.20932e-11 4.40817e-09
5.01187 1.08138 2.37905e-11 4.74683e-09
5.01187 1.16939 2.25534e-11 4.49999e-09
5.01187 1.26456 2.07606e-11 4.14228e-09
5.01187 1.36747 1.88413e-11 3.75934e-09
5.01187 1.47876 1.69553e-11 3.38302e-09
5.01187 1.5991 1.51658e-11 3.02598e-09
5.01187 1.72924 1.34986e-11 2.69332e-09
5.01187 1.86997 1.19627e-11 2.38688e-09
5.01187 2.02216 1.05601e-11 2.10702e-09
5.01187 2.18672 9.2885e-12 1.8533e-09
5.01187 2.36469 8.14315e-12 1.62477e-09
5.01187 2.55713 7.11766e-12 1.42016e-09
5.01187 2.76524 6.20449e-12 1.23796e-09
5.01187 2.99028 5.39535e-12 1.07651e-09
5.01187 3.23364 4.68157e-12 9.34097e-10
5.01187 3.4968 4.05444e-12 8.08968e-10
5.01187 3.78138 3.50539e-12 6.99418e-10
5.01187 4.08911 3.0262e-12 6.03806e-10
5.01187 4.4219 2.60913e-12 5.2059e-10
5.01187 4.78176 2.24701e-12 4.48336e-10
5.01187 5.17092 1.93324e-12 3.85733e-10
5.01187 5.59174 1.66188e-12 3.31588e-10
5.01187 6.04681 1.42756e-12 2.84835e-10
5.01187 6.53891 1.2255e-12 2.44519e-10
5.01187 7.07107 1.05146e-12 2.09794e-10
5.01187 7.64653 9.01714e-13 1.79916e-10
5.01187 8.26882 7.72981e-13 1.5423e-10
5.01187 8.94176 6.62396e-13 1.32165e-10
5.01187 9.66947 5.67462e-13 1.13223e-10
5.01187 10.4564 4.86009e-13 9.69715e-11
5.01187 11.3074 4.16155e-13 8.30339e-11
5.01187 12.2276 3.56275e-13 7.10862e-11
5.01187 13.2227 3.04961e-13 6.08478e-11
5.01187 14.2988 2.61002e-13 5.20767e-11
5.01187 15.4625 2.23353e-13 4.45647e-11
5.01187 16.7209 1.91115e-13 3.81324e-11
5.01187 18.0816 1.63516e-13 3.26257e-11
5.01187 19.5532 1.39892e-13 2.79121e-11
5.01187 21.1445 1.19674e-13 2.3878e-11
5.01187 22.8653 1.02372e-13 2.04258e-11
5.01187 24.7261 8.75672e-14 1.74719e-11
5.01187 26.7384 7.49006e-14 1.49446e-11
5.01187 28.9144 6.4064e-14 1.27825e-11
5.01187 31.2675 5.47937e-14 1.09328e-11
5.01187 33.8122 4.68637e-14 9.35053e-12
5.01187 36.5639 4.00804e-14 7.9971e-12
5.01187 39.5396 3.42784e-14 6.83944e-12
5.01187 42.7574 2.93158e-14 5.84927e-12
5.01187 46.2371 2.50713e-14 5.00239e-12
5.7544     1 1.35674e-11 2.35774e-09
5.7544 1.08138 1.48433e-11 2.57947e-09
5.7544 1.16939 1.41344e-11 2.45628e-09
5.7544 1.26456 1.30383e-11 2.2658e-09
5.7544 1.36747 1.18454e-11 2.0585e-09
5.7544 1.47876 1.06655e-11 1.85344e-09
5.7544 1.5991 9.54256e-12 1.65831e-09
5.7544 1.72924 8.49476e-12 1.47622e-09
5.7544 1.86997 7.52884e-12 1.30836e-09
5.7544 2.02216 6.64638e-12 1.15501e-09
5.7544 2.18672 5.84618e-12 1.01595e-09
5.7544 2.36469 5.12536e-12 8.90686e-10
5.7544 2.55713 4.47994e-12 7.78525e-10
5.7544 2.76524 3.9052e-12 6.78645e-10
5.7544 2.99028 3.39591e-12 5.90142e-10
5.7544 3.23364 2.94666e-12 5.12071e-10
5.7544 3.4968 2.55193e-12 4.43475e-10
5.7544 3.78138 2.20635e-12 3.8342e-10
5.7544 4.08911 1.90474e-12 3.31006e-10
5.7544 4.4219 1.64223e-12 2.85387e-10
5.7544 4.78176 1.4143e-12 2.45778e-10
5.7544 5.17092 1.21682e-12 2.11458e-10
5.7544 5.59174 1.04601e-12 1.81777e-10
5.7544 6.04681 8.98528e-13 1.56146e-10
5.7544 6.53891 7.71348e-13 1.34045e-10
5.7544 7.07107 6.61806e-13 1.15009e-10
5.7544 7.64653 5.67554e-13 9.86295e-11
5.7544 8.26882 4.86527e-13 8.45487e-11
5.7544 8.94176 4.16923e-13 7.24529e-11
5.7544 9.66947 3.5717e-13 6.2069e-11
5.7544 10.4564 3.05902e-13 5.31597e-11
5.7544 11.3074 2.61935e-13 4.55191e-11
5.7544 12.2276 2.24245e-13 3.89694e-11
5.7544 13.2227 1.91948e-13 3.33567e-11
5.7544 14.2988 1.64279e-13 2.85484e-11
5.7544 15.4625 1.40582e-13 2.44303e-11
5.7544 16.7209 1.20291e-13 2.09042e-11
5.7544 18.0816 1.0292e-13 1.78854e-11
5.7544 19.5532 8.80504e-14 1.53014e-11
5.7544 21.1445 7.53246e-14 1.30899e-11
5.7544 22.8653 6.44345e-14 1.11974e-11
5.7544 24.7261 5.51163e-14 9.57811e-12
5.7544 26.7384 4.71437e-14 8.19264e-12
5.7544 28.9144 4.0323e-14 7.00733e-12
5.7544 31.2675 3.44881e-14 5.99334e-12
5.7544 33.8122 2.94968e-14 5.12595e-12
5.7544 36.5639 2.52273e-14  4.384e-12
5.7544 39.5396 2.15754e-14 3.74938e-12
5.7544 42.7574 1.84519e-14 3.20657e-12
5.7544 46.2371 1.57803e-14 2.74231e-12
6.60693     1 9.46531e-12 1.43263e-09
6.60693 1.08138 1.0456e-11 1.58258e-09
6.60693 1.16939 9.98424e-12 1.51118e-09
6.60693 1.26456 9.22205e-12 1.39581e-09
6.60693 1.36747 8.38386e-12 1.26895e-09
6.60693 1.47876 7.55126e-12 1.14293e-09
6.60693 1.5991 6.75744e-12 1.02278e-09
6.60693 1.72924 6.01602e-12 9.10562e-10
6.60693 1.86997 5.33223e-12 8.07065e-10
6.60693 2.02216 4.70736e-12 7.12488e-10
6.60693 2.18672 4.14067e-12 6.26716e-10
6.60693 2.36469 3.63016e-12 5.49448e-10
6.60693 2.55713 3.17304e-12 4.8026e-10
6.60693 2.76524 2.76597e-12 4.18647e-10
6.60693 2.99028 2.40526e-12 3.64051e-10
6.60693 3.23364 2.08706e-12 3.1589e-10
6.60693 3.4968 1.80749e-12 2.73574e-10
6.60693 3.78138 1.56272e-12 2.36527e-10
6.60693 4.08911 1.34909e-12 2.04193e-10
6.60693 4.4219 1.16316e-12 1.76052e-10
6.60693 4.78176 1.00172e-12 1.51617e-10
6.60693 5.17092 8.61848e-13 1.30446e-10
6.60693 5.59174 7.40873e-13 1.12136e-10
6.60693 6.04681 6.36411e-13 9.63247e-11
6.60693 6.53891 5.46331e-13 8.26906e-11
6.60693 7.07107 4.68745e-13 7.09475e-11
6.60693 7.64653 4.01988e-13 6.08433e-11
6.60693 8.26882 3.44598e-13 5.21571e-11
6.60693 8.94176 2.95299e-13 4.46953e-11
6.60693 9.66947 2.52977e-13 3.82896e-11
6.60693 10.4564 2.16665e-13 3.27935e-11
6.60693 11.3074 1.85524e-13 2.80802e-11
6.60693 12.2276 1.58829e-13 2.40397e-11
6.60693 13.2227 1.35953e-13 2.05773e-11
6.60693 14.2988 1.16356e-13 1.76112e-11
6.60693 15.4625 9.95716e-14 1.50708e-11
6.60693 16.7209 8.51998e-14 1.28955e-11
6.60693 18.0816 7.28961e-14 1.10333e-11
6.60693 19.5532 6.23645e-14 9.43925e-12
6.60693 21.1445 5.3351e-14  8.075e-12
6.60693 22.8653 4.56378e-14 6.90755e-12
6.60693 24.7261 3.90378e-14 5.90861e-12
6.60693 26.7384 3.3391e-14 5.05393e-12
6.60693 28.9144  2.856e-14 4.32274e-12
6.60693 31.2675 2.44273e-14 3.69722e-12
6.60693 33.8122 2.0892e-14 3.16214e-12
6.60693 36.5639 1.7868e-14 2.70444e-12
6.60693 39.5396 1.52815e-14 2.31294e-12
6.60693 42.7574 1.30691e-14 1.97809e-12
6.60693 46.2371 1.11769e-14 1.69169e-12
7.58578     1 7.08481e-12 9.33959e-10
7.58578 1.08138 7.88474e-12 1.03941e-09
7.58578 1.16939 7.54518e-12 9.94648e-10
7.58578 1.26456 6.97633e-12 9.19659e-10
7.58578 1.36747 6.34552e-12 8.36502e-10
7.58578 1.47876 5.71687e-12 7.5363e-10
7.58578 1.5991 5.1166e-12  6.745e-10
7.58578 1.72924 4.55555e-12 6.00539e-10
7.58578 1.86997 4.03792e-12 5.32301e-10
7.58578 2.02216 3.5648e-12 4.69933e-10
7.58578 2.18672 3.13569e-12 4.13365e-10
7.58578 2.36469 2.74911e-12 3.62403e-10
7.58578 2.55713 2.40294e-12 3.1677e-10
7.58578 2.76524 2.09467e-12 2.76131e-10
7.58578 2.99028 1.82151e-12 2.40121e-10
7.58578 3.23364 1.58054e-12 2.08355e-10
7.58578 3.4968 1.36881e-12 1.80445e-10
7.58578 3.78138 1.18345e-12 1.56009e-10
7.58578 4.08911 1.02167e-12 1.34682e-10
7.58578 4.4219 8.80865e-13 1.16121e-10
7.58578 4.78176 7.58608e-13 1.00004e-10
7.58578 5.17092 6.52679e-13 8.60399e-11
7.58578 5.59174 5.61065e-13 7.39627e-11
7.58578 6.04681 4.81955e-13 6.35341e-11
7.58578 6.53891 4.13738e-13 5.45413e-11
7.58578 7.07107 3.54982e-13 4.67957e-11
7.58578 7.64653 3.04426e-13 4.01312e-11
7.58578 8.26882 2.60965e-13 3.44019e-11
7.58578 8.94176 2.23631e-13 2.94803e-11
7.58578 9.66947 1.9158e-13 2.52552e-11
7.58578 10.4564 1.64081e-13  2.163e-11
7.58578 11.3074 1.40498e-13 1.85212e-11
7.58578 12.2276 1.20281e-13 1.58562e-11
7.58578 13.2227 1.02958e-13 1.35724e-11
7.58578 14.2988 8.81165e-14 1.1616e-11
7.58578 15.4625 7.54058e-14 9.94042e-12
7.58578 16.7209 6.4522e-14 8.50566e-12
7.58578 18.0816 5.52044e-14 7.27735e-12
7.58578 19.5532 4.72288e-14 6.22596e-12
7.58578 21.1445 4.04028e-14 5.32613e-12
7.58578 22.8653 3.45616e-14 4.5561e-12
7.58578 24.7261 2.95634e-14 3.89722e-12
7.58578 26.7384 2.52871e-14 3.33349e-12
7.58578 28.9144 2.16286e-14 2.8512e-12
7.58578 31.2675 1.84988e-14 2.43862e-12
7.58578 33.8122 1.58216e-14 2.08569e-12
7.58578 36.5639 1.35315e-14 1.7838e-12
7.58578 39.5396 1.15727e-14 1.52558e-12
7.58578 42.7574 9.89727e-15 1.30471e-12
7.58578 46.2371 8.4643e-15 1.11581e-12
8.70964     1 5.5057e-12 6.32139e-10
8.70964 1.08138 6.18961e-12 7.10662e-10
8.70964 1.16939 5.9406e-12 6.82072e-10
8.70964 1.26456 5.5005e-12 6.31542e-10
8.70964 1.36747 5.00671e-12 5.74847e-10
8.70964 1.47876 4.51236e-12 5.18088e-10
8.70964 1.5991 4.03935e-12 4.63779e-10
8.70964 1.72924 3.59679e-12 4.12967e-10
8.70964 1.86997 3.18827e-12 3.66063e-10
8.70964 2.02216 2.81479e-12 3.23181e-10
8.70964 2.18672  2.476e-12 2.84283e-10
8.70964 2.36469 2.17077e-12 2.49238e-10
8.70964 2.55713 1.89744e-12 2.17855e-10
8.70964 2.76524 1.65402e-12 1.89907e-10
8.70964 2.99028 1.43832e-12 1.65141e-10
8.70964 3.23364 1.24804e-12 1.43295e-10
8.70964 3.4968 1.08086e-12  1.241e-10
8.70964 3.78138 9.34492e-13 1.07294e-10
8.70964 4.08911 8.06747e-13 9.26269e-11
8.70964 4.4219 6.95562e-13 7.98612e-11
8.70964 4.78176 5.99023e-13 6.87771e-11
8.70964 5.17092 5.15378e-13 5.91733e-11
8.70964 5.59174 4.43036e-13 5.08673e-11
8.70964 6.04681 3.80569e-13 4.36951e-11
8.70964 6.53891 3.26702e-13 3.75104e-11
8.70964 7.07107 2.80306e-13 3.21834e-11
8.70964 7.64653 2.40386e-13   2.76e-11
8.70964 8.26882 2.06067e-13 2.36597e-11
8.70964 8.94176 1.76586e-13 2.02748e-11
8.70964 9.66947 1.51278e-13 1.73691e-11
8.70964 10.4564 1.29564e-13 1.48759e-11
8.70964 11.3074 1.10942e-13 1.27378e-11
8.70964 12.2276 9.49784e-14 1.0905e-11
8.70964 13.2227 8.12988e-14 9.33436e-12
8.70964 14.2988 6.95798e-14 7.98884e-12
8.70964 15.4625 5.9543e-14 6.83646e-12
8.70964 16.7209 5.09488e-14 5.84971e-12
8.70964 18.0816 4.35913e-14 5.00495e-12
8.70964 19.5532 3.72935e-14 4.28186e-12
8.70964 21.1445 3.19035e-14 3.66301e-12
8.70964 22.8653 2.7291e-14 3.13343e-12
8.70964 24.7261 2.33443e-14 2.68029e-12
8.70964 26.7384 1.99676e-14 2.29258e-12
8.70964 28.9144 1.70787e-14 1.96089e-12
8.70964 31.2675 1.46073e-14 1.67714e-12
8.70964 33.8122 1.24933e-14 1.43442e-12
8.70964 36.5639 1.06849e-14 1.2268e-12
8.70964 39.5396 9.13819e-15 1.0492e-12
8.70964 42.7574 7.81523e-15 8.97308e-13
8.70964 46.2371 6.68371e-15 7.67392e-13
