            100    1.80422e-09    2.31352e-11    1.79659e-11    1.90784e-09    1.90919e-07
        102.329    2.77039e-09    3.52403e-11    1.82595e-11    1.96216e-09    1.96388e-07
        104.713    4.22756e-09    5.35875e-11    1.85343e-11    2.01848e-09    2.02068e-07
        107.152    6.44303e-09    8.17275e-11    1.87925e-11    2.07691e-09    2.07972e-07
        109.648    9.85549e-09    1.25651e-10    1.90458e-11    2.13753e-09    2.14114e-07
        112.202    1.52109e-08    1.95916e-10    1.93262e-11     2.2004e-09    2.20507e-07
        114.815     2.3834e-08    3.12174e-10     1.9714e-11    2.26559e-09    2.27169e-07
         117.49    3.82075e-08    5.13686e-10    2.04078e-11    2.33307e-09    2.34117e-07
        120.226     6.3306e-08    8.86579e-10    2.19201e-11    2.40269e-09    2.41371e-07
        123.027    1.09977e-07    1.64602e-09    2.57118e-11    2.47397e-09    2.48952e-07
        125.893    2.04528e-07    3.44344e-09    3.67245e-11    2.54555e-09    2.56881e-07
        128.825    4.19449e-07    8.98819e-09    7.76505e-11    2.61304e-09    2.65182e-07
        131.826     9.7827e-07    4.00089e-08     3.5128e-10    2.65495e-09     2.7386e-07
        134.896    2.47877e-06    2.92564e-06    3.86334e-07    4.34398e-09    2.80087e-07
        138.038    3.09524e-06    6.26565e-08    7.81127e-10    3.05289e-09    2.92889e-07
        141.254      1.583e-06    1.76253e-08    2.71257e-10    3.09642e-09    3.03012e-07
        144.544    9.01594e-07    8.88089e-09    1.67783e-10    3.18598e-09    3.13746e-07
        147.911    5.88863e-07    5.65772e-09    1.28627e-10    3.29135e-09    3.25122e-07
        151.356    4.25618e-07    4.08538e-09    1.09572e-10    3.40742e-09    3.37199e-07
        154.882    3.29989e-07    3.18447e-09    9.90602e-11     3.5331e-09    3.50056e-07
        158.489    2.68628e-07    2.60983e-09    9.28934e-11    3.66853e-09    3.63783e-07
        162.181    2.26234e-07    2.21258e-09    8.92118e-11    3.81441e-09    3.78494e-07
        165.959    1.94986e-07     1.9187e-09    8.70668e-11    3.97189e-09    3.94324e-07
        169.824    1.70471e-07    1.68689e-09    8.59126e-11    4.14253e-09    4.11445e-07
         173.78    1.49922e-07    1.49124e-09    8.53898e-11    4.32836e-09    4.30073e-07
        177.828    1.31342e-07    1.31286e-09    8.52084e-11    4.53209e-09    4.50492e-07
         181.97    1.12913e-07    1.13423e-09     8.5044e-11    4.75736e-09    4.73084e-07
        186.209    9.21882e-08    9.31175e-10     8.4321e-11    5.00918e-09    4.98391e-07
        190.546    6.21408e-08    6.33061e-10    8.09222e-11    5.29408e-09    5.27214e-07
        194.984    3.51312e-08     3.6303e-10    7.69267e-11    5.62576e-09    5.60851e-07
        199.526    3.64973e-08    3.78559e-10    8.23494e-11    6.03501e-09    6.01657e-07
        204.174    3.82303e-08    3.98081e-10    8.94909e-11    6.56829e-09    6.54822e-07
         208.93    4.02403e-08    4.21228e-10    1.00648e-10    7.40818e-09    7.38555e-07
        213.796    4.24942e-08    2.82753e-09    2.38271e-07    2.38242e-05     0.00238242
        218.776    4.49182e-08    4.62578e-09     4.1579e-07    4.15762e-05     0.00415762
        223.872     4.7483e-08    5.91898e-09    5.42631e-07    5.42604e-05     0.00542604
        229.087    5.01612e-08    7.01287e-09    6.49414e-07    6.49388e-05     0.00649388
        234.423     5.2925e-08    7.99572e-09    7.45001e-07    7.44974e-05     0.00744974
        239.883    5.57456e-08    8.90753e-09    8.33422e-07    8.33396e-05     0.00833396
        245.471    5.85924e-08    9.77036e-09    9.16915e-07     9.1689e-05      0.0091689
        251.189    6.14318e-08    1.05978e-08    9.96876e-07    9.96851e-05     0.00996851
         257.04     6.4226e-08    1.13989e-08    1.07424e-06    0.000107422      0.0107422
        263.027    6.69322e-08    1.21798e-08    1.14969e-06    0.000114967      0.0114967
        269.153    6.95017e-08    1.29452e-08    1.22372e-06    0.000122369      0.0122369
        275.423    7.18783e-08    1.36983e-08    1.29671e-06    0.000129669      0.0129669
        281.838    7.39985e-08    1.44415e-08    1.36898e-06    0.000136896      0.0136896
        288.403    7.57897e-08    1.51766e-08    1.44078e-06    0.000144075      0.0144075
        295.121    7.71705e-08    1.59048e-08     1.5123e-06    0.000151228      0.0151228
        301.995    7.80503e-08     1.6627e-08    1.58375e-06    0.000158372      0.0158372
         309.03    7.83303e-08    1.73437e-08    1.65525e-06    0.000165523      0.0165523
        316.228    7.79053e-08    1.80551e-08    1.72696e-06    0.000172694      0.0172694
        323.594    7.66679e-08    1.87614e-08    1.79898e-06    0.000179896      0.0179896
        331.131    7.45152e-08    1.94625e-08    1.87143e-06    0.000187141      0.0187141
        338.844    7.13605e-08    2.01585e-08     1.9444e-06    0.000194438      0.0194438
        346.737    6.71531e-08    2.08498e-08    2.01798e-06    0.000201797      0.0201797
        354.813    6.19094e-08    2.15373e-08    2.09226e-06    0.000209225      0.0209225
        363.078    5.57637e-08    2.22231e-08    2.16732e-06    0.000216731      0.0216731
        371.535    4.90491e-08    2.29114e-08    2.24321e-06    0.000224321      0.0224321
        380.189    4.24304e-08    2.36098e-08    2.32003e-06    0.000232003      0.0232003
        389.045     3.7119e-08    2.43314e-08    2.39783e-06    0.000239784      0.0239784
        398.107    3.52316e-08     2.5099e-08    2.47667e-06    0.000247669      0.0247669
         407.38    4.07365e-08    2.59546e-08    2.55663e-06    0.000255665      0.0255665
        416.869     6.4359e-08    2.70077e-08    2.63775e-06    0.000263779      0.0263779
         426.58    1.11087e-07    2.83156e-08    2.72011e-06    0.000272015      0.0272015
        436.516    1.93296e-07    3.00203e-08    2.80376e-06    0.000280381      0.0280381
        446.684    3.45803e-07    3.25128e-08    2.88875e-06    0.000288881      0.0288881
        457.088    6.49304e-07    3.67053e-08    2.97516e-06    0.000297522      0.0297522
        467.735    1.28232e-06    4.46603e-08    3.06306e-06    0.000306309      0.0306309
         478.63    2.64381e-06    6.11603e-08    3.15253e-06    0.000315248      0.0315248
        489.779    5.66642e-06    9.80853e-08    3.24376e-06    0.000324343      0.0324344
        501.187    1.27003e-05    1.88622e-07     3.3371e-06    0.000333602      0.0333603
        512.861    3.03093e-05    4.45042e-07    3.43367e-06     0.00034303       0.034303
        524.807    7.90712e-05    1.39925e-06    3.53874e-06    0.000352631      0.0352632
        537.032    0.000225024    8.39236e-06    3.70692e-06    0.000362412      0.0362414
        549.541    0.000741583    0.000315259    1.19426e-05    0.000372496      0.0372382
        562.341    0.000447019    1.01267e-05    3.93112e-06    0.000382545      0.0382541
         575.44    0.000273841    3.73341e-06    3.96801e-06    0.000392899      0.0392897
        588.844    0.000190772     2.2385e-06    4.05808e-06    0.000403459      0.0403457
         602.56    0.000148092    1.64327e-06    4.15957e-06    0.000414227      0.0414226
        616.595    0.000123983    1.34371e-06    4.26627e-06    0.000425211       0.042521
        630.957     0.00010935    1.17275e-06    4.37653e-06    0.000436417      0.0436416
        645.654    0.000100044      1.068e-06    4.48977e-06    0.000447851       0.044785
        660.693    9.39822e-05    1.00145e-06    4.60574e-06    0.000459518      0.0459517
        676.083    9.00213e-05    9.58796e-07    4.72438e-06    0.000471426      0.0471425
        691.831    8.74909e-05    9.32025e-07    4.84565e-06    0.000483582       0.048358
        707.946    8.59693e-05    9.16273e-07    4.96958e-06    0.000495991      0.0495989
        724.436    8.51738e-05     9.0837e-07     5.0962e-06     0.00050866      0.0508659
         741.31    8.48986e-05    9.06058e-07    5.22556e-06    0.000521597      0.0521596
        758.578    8.49752e-05    9.07539e-07     5.3577e-06    0.000534808      0.0534807
        776.247    8.52424e-05    9.11128e-07    5.49268e-06    0.000548301        0.05483
        794.328    8.55171e-05    9.14953e-07    5.63056e-06    0.000562083      0.0562082
        812.831    8.55644e-05    9.16635e-07    5.77138e-06    0.000576162       0.057616
        831.764    8.52158e-05    9.14463e-07    5.91519e-06    0.000590544      0.0590543
        851.138    8.50104e-05    9.13754e-07    6.06213e-06    0.000605238      0.0605236
        870.964    8.67794e-05    9.32649e-07    6.21243e-06    0.000620251       0.062025
        891.251    9.79955e-05    1.04523e-06     6.3669e-06    0.000635593      0.0635591
        912.011    0.000156162    1.62343e-06    6.52926e-06     0.00065127      0.0651269
        933.254    0.000586801    5.91442e-06     6.7317e-06    0.000667291       0.066729
        954.993      0.0294288    0.000482591     1.1685e-05    0.000683703      0.0683664
        977.237     0.00269142    2.82089e-05    7.29007e-06    0.000700408      0.0700401
           1000    0.000946988    9.65988e-06    7.27441e-06    0.000717512      0.0717508
        1023.29    0.000616127    6.27379e-06    7.41517e-06    0.000734998      0.0734994
        1047.13    0.000493513    5.03078e-06    7.58147e-06    0.000752874       0.075287
        1071.52    0.000435027    4.44088e-06    7.75837e-06    0.000771148      0.0771144
        1096.48     0.00040378    4.12711e-06    7.94217e-06    0.000789831      0.0789827
        1122.02    0.000386476    3.95432e-06    8.13159e-06    0.000808933      0.0808929
        1148.15    0.000408661    4.17709e-06    8.32929e-06    0.000828463      0.0828458
         1174.9    0.000512255    5.21434e-06    8.53955e-06    0.000848432      0.0848427
        1202.26    0.000704847     7.1419e-06    8.76323e-06    0.000868851      0.0868846
        1230.27    0.000990873    1.00041e-05    9.00089e-06    0.000889731      0.0889725
        1258.93     0.00137342    1.38318e-05    9.25295e-06    0.000911082      0.0911076
        1288.25     0.00185383    1.86382e-05    9.51966e-06    0.000932917       0.093291
        1318.26     0.00237622    2.38645e-05    9.79554e-06    0.000955247      0.0955239
        1348.96     0.00305092    3.06142e-05    1.00917e-05    0.000978084      0.0978075
        1380.38     0.00382198    3.83276e-05    1.04028e-05     0.00100144       0.100143
        1412.54     0.00468817    4.69924e-05    1.07288e-05     0.00102533       0.102531
        1445.44     0.00564813    5.65951e-05    1.10695e-05     0.00104976       0.104974
        1479.11     0.00670037    6.71206e-05    1.14252e-05     0.00107475       0.107473
        1513.56     0.00784337    7.85538e-05    1.17956e-05      0.0011003       0.110029
        1548.82     0.00907724    9.08958e-05    1.21811e-05     0.00112645       0.112643
        1584.89      0.0105152    0.000105279     1.2593e-05     0.00115319       0.115317
        1621.81      0.0122196    0.000122326    1.30377e-05     0.00118054       0.118052
        1659.59      0.0141912    0.000142046    1.35155e-05     0.00120852        0.12085
        1698.24      0.0165082     0.00016522    1.40343e-05     0.00123715       0.123712
         1737.8      0.0191782    0.000191924    1.45951e-05     0.00126643        0.12664
        1778.28      0.0221883     0.00022203    1.51967e-05     0.00129638       0.129635
         1819.7      0.0255264    0.000255415    1.58381e-05     0.00132703       0.132699
        1862.09      0.0291808    0.000291963    1.65183e-05     0.00135838       0.135833
        1905.46      0.0331402    0.000331563    1.72364e-05     0.00139045        0.13904
        1949.84       0.037394    0.000374106    1.79914e-05     0.00142326       0.142321
        1995.26      0.0420992    0.000421163    1.87994e-05     0.00145683       0.145677
        2041.74       0.047475    0.000474926    1.96823e-05     0.00149118       0.149111
         2089.3      0.0535554    0.000535736    2.06439e-05     0.00152632       0.152624
        2137.96      0.0604539    0.000604727    2.16957e-05     0.00156228       0.156219
        2187.76      0.0681422    0.000681617    2.28351e-05     0.00159906       0.159897
        2238.72      0.0765821    0.000766023    2.40586e-05     0.00163671        0.16366
        2290.87      0.0857294    0.000857504     2.5362e-05     0.00167522        0.16751
        2344.23      0.0955282      0.0009555    2.67402e-05     0.00171464        0.17145
        2398.83       0.105897      0.0010592    2.81853e-05     0.00175496       0.175481
        2454.71       0.116692     0.00116716    2.96837e-05     0.00179623       0.179606
        2511.89       0.127581     0.00127606    3.12034e-05     0.00183847       0.183828
         2570.4       0.136401     0.00136428     3.2535e-05     0.00188169       0.188148
        2630.27       0.151073       0.001511    3.44476e-05     0.00192592       0.192569
        2691.53       0.166585     0.00166614    3.64547e-05     0.00197119       0.197093
        2754.23        0.18295      0.0018298    3.85578e-05     0.00201751       0.201724
        2818.38       0.200156     0.00200186    4.07562e-05     0.00206493       0.206464
        2884.03       0.218188     0.00218219    4.30487e-05     0.00211347       0.211316
        2951.21       0.237045     0.00237078    4.54356e-05     0.00216317       0.216283
        3019.95         53.537        0.53537     0.00537594     0.00226733       0.221369
         3090.3        57.7079       0.577079     0.00579356      0.0023236       0.226578
        3162.28        61.7652       0.617652     0.00619983     0.00238102       0.231914
        3235.94         65.739        0.65739     0.00659777     0.00243969       0.237383
        3311.31        69.6519        0.69652     0.00698963      0.0024997       0.242992
        3388.44        73.5246       0.735246     0.00737748     0.00256121       0.248755
        3467.37        77.3681       0.773682     0.00776245     0.00262453         0.2547
        3548.13        81.1907       0.811908     0.00814538     0.00269145       0.261007
        3630.78        85.0054        0.85007      0.0100732       0.157325        15.7239
        3715.35         88.826       0.888283       0.011161         0.2279        22.7811
        3801.89        92.6543       0.926572      0.0120989       0.283407        28.3314
        3890.45        96.4969       0.965002      0.0129656       0.331654        33.1558
        3981.07        100.363        1.00367      0.0137912       0.375555        37.5454
         4073.8        104.257        1.04261      0.0145906       0.416572        41.6467
        4168.69        108.182        1.08186       0.015373       0.455566        45.5457
         4265.8        112.142        1.12147      0.0161444       0.493092         49.298
        4365.16        116.144        1.16149      0.0169089       0.529536         52.942
        4466.84         120.19        1.20196      0.0176699       0.565178        56.5058
        4570.88        124.286        1.24292        0.01843       0.600231        60.0106
        4677.35        128.436        1.28442      0.0191912        0.63486        63.4732
         4786.3        132.639        1.32646      0.0199549       0.669201        66.9068
        4897.79        136.901        1.36908      0.0207227       0.703362        70.3225
        5011.87        141.237        1.41244      0.0214969       0.737437        73.7295
        5128.61        145.634        1.45641      0.0222773       0.771504        77.1358
        5248.07        150.096        1.50104      0.0230648       0.805632        80.5482
        5370.32        154.631        1.54639      0.0238607       0.839883        83.9728
        5495.41        159.241         1.5925       0.024666       0.874309         87.415
        5623.41        163.933        1.63942      0.0254816       0.908961        90.8796
         5754.4        168.709        1.68719      0.0263084       0.943882        94.3713
        5888.44        173.572        1.73581      0.0271469       0.979114         97.894
         6025.6        178.524        1.78534      0.0279979        1.01469        101.452
        6165.95        183.571        1.83582      0.0288623        1.05066        105.048
        6309.57         188.72        1.88731      0.0297409        1.08705        108.686
        6456.54        193.972        1.93983      0.0306345        1.12389        112.369
        6606.93        199.333        1.99345      0.0315437        1.16121        116.101
        6760.83        204.809        2.04821      0.0324696        1.19905        119.884
        6918.31        210.407        2.10419      0.0334132        1.23743        123.722
        7079.46        216.138        2.16151      0.0343758        1.27638        127.616
        7244.36        222.013        2.22026      0.0353587        1.31593        131.571
         7413.1        228.048        2.28061       0.036364        1.35611        135.588
        7585.78        234.269        2.34283      0.0373944        1.39695        139.671
        7762.47        240.721        2.40735      0.0384547        1.43847        143.822
        7943.28        247.488        2.47502      0.0395536        1.48069        148.045
        8128.31        254.801        2.54816      0.0407144        1.52366         152.34
        8317.64        263.766        2.63782      0.0420481        1.56739        156.712
        8511.38        822.114        8.22131       0.098328        1.61245        161.163
        8709.64        1119.36        11.1938       0.128506        1.65808        165.696
        8912.51        1348.62        13.4864       0.151894        1.70447        170.313
        9120.11        1547.07        15.4709       0.172209        1.75171        175.017
        9332.54        1727.55        17.2757       0.190736        1.79983         179.81
        9549.93        1896.33        18.9635       0.208102        1.84887        184.697
        9772.37        2057.01        20.5703       0.224669        1.89884        189.679
