              1   -0.000110138             -0   -2.82123e-05             -0   -0.000174806             -0
        1.02329   -0.000110349   -6.40705e-08   -3.03197e-05   -6.40705e-07    -0.00019588   -6.40705e-06
        1.04713   -0.000110286   -2.69218e-07   -2.96901e-05   -2.69218e-06   -0.000189584   -2.69218e-05
        1.07152   -0.000110226    -3.6021e-07   -2.90942e-05    -3.6021e-06   -0.000183625    -3.6021e-05
        1.09648    -0.00011017   -4.21035e-07   -2.85304e-05   -4.21035e-06   -0.000177987   -4.21035e-05
        1.12202   -0.000110117   -4.65014e-07   -2.79972e-05   -4.65014e-06   -0.000172655   -4.65014e-05
        1.14815   -0.000110066   -4.97721e-07    -2.7493e-05   -4.97721e-06   -0.000167613   -4.97721e-05
         1.1749   -0.000110019   -5.22197e-07   -2.70164e-05   -5.22197e-06   -0.000162847   -5.22197e-05
        1.20226   -0.000109974   -5.40349e-07   -2.65659e-05   -5.40349e-06   -0.000158342   -5.40349e-05
        1.23027   -0.000109931   -5.53483e-07   -2.61404e-05   -5.53483e-06   -0.000154087   -5.53483e-05
        1.25893   -0.000109891   -5.62545e-07   -2.57385e-05   -5.62545e-06   -0.000150067   -5.62545e-05
        1.28825   -0.000109853   -5.68254e-07    -2.5359e-05   -5.68254e-06   -0.000146273   -5.68254e-05
        1.31826   -0.000109817   -5.71171e-07   -2.50008e-05   -5.71171e-06   -0.000142691   -5.71171e-05
        1.34896   -0.000109783   -5.71744e-07   -2.46629e-05   -5.71744e-06   -0.000139312   -5.71744e-05
        1.38038   -0.000109751   -5.70341e-07   -2.43442e-05   -5.70341e-06   -0.000136125   -5.70341e-05
        1.41254   -0.000109721   -5.67265e-07   -2.40437e-05   -5.67265e-06    -0.00013312   -5.67265e-05
        1.44544   -0.000109693    -5.6277e-07   -2.37605e-05    -5.6277e-06   -0.000130288    -5.6277e-05
        1.47911   -0.000109666   -5.57074e-07   -2.34937e-05   -5.57074e-06    -0.00012762   -5.57074e-05
        1.51356   -0.000109641    -5.5036e-07   -2.32425e-05    -5.5036e-06   -0.000125107    -5.5036e-05
        1.54882   -0.000109618   -5.42786e-07    -2.3006e-05   -5.42786e-06   -0.000122743   -5.42786e-05
        1.58489   -0.000109595   -5.34489e-07   -2.27835e-05   -5.34489e-06   -0.000120518   -5.34489e-05
        1.62181   -0.000109575    -5.2559e-07   -2.25743e-05    -5.2559e-06   -0.000118426    -5.2559e-05
        1.65959   -0.000109555    -5.1619e-07   -2.23777e-05    -5.1619e-06    -0.00011646    -5.1619e-05
        1.69824   -0.000109536   -5.06382e-07    -2.2193e-05   -5.06382e-06   -0.000114613   -5.06382e-05
         1.7378   -0.000109519   -4.96245e-07   -2.20196e-05   -4.96245e-06   -0.000112879   -4.96245e-05
        1.77828   -0.000109503   -4.85848e-07   -2.18569e-05   -4.85848e-06   -0.000111252   -4.85848e-05
         1.8197   -0.000109488   -4.75252e-07   -2.17043e-05   -4.75252e-06   -0.000109726   -4.75252e-05
        1.86209   -0.000109473   -4.64513e-07   -2.15613e-05   -4.64513e-06   -0.000108296   -4.64513e-05
        1.90546    -0.00010946   -4.53677e-07   -2.14274e-05   -4.53677e-06   -0.000106957   -4.53677e-05
        1.94984   -0.000109447   -4.42787e-07   -2.13021e-05   -4.42787e-06   -0.000105704   -4.42787e-05
        1.99526   -0.000109436   -4.31878e-07   -2.11849e-05   -4.31878e-06   -0.000104532   -4.31878e-05
        2.04174   -0.000109425   -4.20985e-07   -2.10754e-05   -4.20985e-06   -0.000103436   -4.20985e-05
         2.0893   -0.000109414   -4.10134e-07   -2.09731e-05   -4.10134e-06   -0.000102414   -4.10134e-05
        2.13796   -0.000109405   -3.99352e-07   -2.08777e-05   -3.99352e-06    -0.00010146   -3.99352e-05
        2.18776   -0.000109396    -3.8866e-07   -2.07888e-05    -3.8866e-06   -0.000100571    -3.8866e-05
        2.23872   -0.000109388   -3.78076e-07   -2.07061e-05   -3.78076e-06   -9.97435e-05   -3.78076e-05
        2.29087    -0.00010938   -3.67618e-07   -2.06291e-05   -3.67618e-06   -9.89737e-05   -3.67618e-05
        2.34423   -0.000109373     -3.573e-07   -2.05576e-05     -3.573e-06   -9.82586e-05     -3.573e-05
        2.39883   -0.000109366   -3.47134e-07   -2.04912e-05   -3.47134e-06    -9.7595e-05   -3.47134e-05
        2.45471    -0.00010936    -3.3713e-07   -2.04297e-05    -3.3713e-06   -9.69802e-05    -3.3713e-05
        2.51189   -0.000109354   -3.27298e-07   -2.03728e-05   -3.27298e-06   -9.64111e-05   -3.27298e-05
         2.5704   -0.000109349   -3.17645e-07   -2.03202e-05   -3.17645e-06   -9.58854e-05   -3.17645e-05
        2.63027   -0.000109344   -3.08177e-07   -2.02717e-05   -3.08177e-06   -9.54003e-05   -3.08177e-05
        2.69153    -0.00010934   -2.98898e-07   -2.02271e-05   -2.98898e-06   -9.49537e-05   -2.98898e-05
        2.75423   -0.000109336   -2.89814e-07    -2.0186e-05   -2.89814e-06   -9.45432e-05   -2.89814e-05
        2.81838   -0.000109332   -2.80927e-07   -2.01484e-05   -2.80927e-06   -9.41666e-05   -2.80927e-05
        2.88403   -0.000109328   -2.72238e-07   -2.01139e-05   -2.72238e-06   -9.38221e-05   -2.72238e-05
        2.95121   -0.000109325   -2.63751e-07   -2.00825e-05   -2.63751e-06   -9.35076e-05   -2.63751e-05
        3.01995   -0.000109322   -2.55464e-07   -2.00538e-05   -2.55464e-06   -9.32213e-05   -2.55464e-05
         3.0903    -0.00010932   -2.47379e-07   -2.00279e-05   -2.47379e-06   -9.29615e-05   -2.47379e-05
        3.16228   -0.000109318   -2.39495e-07   -2.00044e-05   -2.39495e-06   -9.27267e-05   -2.39495e-05
        3.23594   -0.000109315   -2.31812e-07   -1.99832e-05   -2.31812e-06   -9.25151e-05   -2.31812e-05
        3.31131   -0.000109314   -2.24327e-07   -1.99643e-05   -2.24327e-06   -9.23255e-05   -2.24327e-05
        3.38844   -0.000109312    -2.1704e-07   -1.99473e-05    -2.1704e-06   -9.21563e-05    -2.1704e-05
        3.46737    -0.00010931   -2.09948e-07   -1.99323e-05   -2.09948e-06   -9.20063e-05   -2.09948e-05
        3.54813   -0.000109309   -2.03049e-07   -1.99191e-05   -2.03049e-06   -9.18743e-05   -2.03049e-05
        3.63078   -0.000109308   -1.96341e-07   -1.99076e-05   -1.96341e-06    -9.1759e-05   -1.96341e-05
        3.71535   -0.000109307    -1.8982e-07   -1.98977e-05    -1.8982e-06   -9.16594e-05    -1.8982e-05
        3.80189   -0.000109306   -1.83485e-07   -1.98892e-05   -1.83485e-06   -9.15744e-05   -1.83485e-05
        3.89045   -0.000109305   -1.77332e-07    -1.9882e-05   -1.77332e-06    -9.1503e-05   -1.77332e-05
        3.98107   -0.000109305   -1.71357e-07   -1.98761e-05   -1.71357e-06   -9.14444e-05   -1.71357e-05
         4.0738   -0.000109304   -1.65558e-07   -1.98715e-05   -1.65558e-06   -9.13975e-05   -1.65558e-05
        4.16869   -0.000109304   -1.59931e-07   -1.98679e-05   -1.59931e-06   -9.13615e-05   -1.59931e-05
         4.2658   -0.000109304   -1.54473e-07   -1.98653e-05   -1.54473e-06   -9.13358e-05   -1.54473e-05
        4.36516   -0.000109303    -1.4918e-07   -1.98637e-05    -1.4918e-06   -9.13194e-05    -1.4918e-05
        4.46684   -0.000109303   -1.44048e-07   -1.98629e-05   -1.44048e-06   -9.13119e-05   -1.44048e-05
        4.57088   -0.000109303   -1.39074e-07   -1.98629e-05   -1.39074e-06   -9.13123e-05   -1.39074e-05
        4.67735   -0.000109304   -1.34254e-07   -1.98637e-05   -1.34254e-06   -9.13203e-05   -1.34254e-05
         4.7863   -0.000109304   -1.29584e-07   -1.98652e-05   -1.29584e-06   -9.13351e-05   -1.29584e-05
        4.89779   -0.000109304   -1.25062e-07   -1.98673e-05   -1.25062e-06   -9.13562e-05   -1.25062e-05
        5.01187   -0.000109304   -1.20683e-07     -1.987e-05   -1.20683e-06   -9.13831e-05   -1.20683e-05
        5.12861   -0.000109304   -1.16444e-07   -1.98732e-05   -1.16444e-06   -9.14153e-05   -1.16444e-05
        5.24807   -0.000109305    -1.1234e-07   -1.98769e-05    -1.1234e-06   -9.14523e-05    -1.1234e-05
        5.37032   -0.000109305   -1.08369e-07   -1.98811e-05   -1.08369e-06   -9.14938e-05   -1.08369e-05
        5.49541   -0.000109306   -1.04527e-07   -1.98856e-05   -1.04527e-06   -9.15392e-05   -1.04527e-05
        5.62341   -0.000109306   -1.00811e-07   -1.98905e-05   -1.00811e-06   -9.15883e-05   -1.00811e-05
         5.7544   -0.000109307   -9.72166e-08   -1.98958e-05   -9.72166e-07   -9.16407e-05   -9.72166e-06
        5.88844   -0.000109307   -9.37409e-08   -1.99013e-05   -9.37409e-07    -9.1696e-05   -9.37409e-06
         6.0256   -0.000109308   -9.03805e-08   -1.99071e-05   -9.03805e-07   -9.17539e-05   -9.03805e-06
        6.16595   -0.000109308   -8.71322e-08   -1.99131e-05   -8.71322e-07   -9.18141e-05   -8.71322e-06
        6.30957   -0.000109309   -8.39927e-08   -1.99194e-05   -8.39927e-07   -9.18764e-05   -8.39927e-06
        6.45654    -0.00010931   -8.09588e-08   -1.99258e-05   -8.09588e-07   -9.19405e-05   -8.09588e-06
        6.60693    -0.00010931   -7.80274e-08   -1.99323e-05   -7.80274e-07   -9.20062e-05   -7.80274e-06
        6.76083   -0.000109311   -7.51955e-08    -1.9939e-05   -7.51955e-07   -9.20732e-05   -7.51955e-06
        6.91831   -0.000109312   -7.24602e-08   -1.99459e-05   -7.24602e-07   -9.21414e-05   -7.24602e-06
        7.07946   -0.000109312   -6.98184e-08   -1.99528e-05   -6.98184e-07   -9.22105e-05   -6.98184e-06
        7.24436   -0.000109313   -6.72673e-08   -1.99598e-05   -6.72673e-07   -9.22803e-05   -6.72673e-06
         7.4131   -0.000109314   -6.48042e-08   -1.99668e-05   -6.48042e-07   -9.23508e-05   -6.48042e-06
        7.58578   -0.000109315   -6.24263e-08   -1.99739e-05   -6.24263e-07   -9.24216e-05   -6.24263e-06
        7.76247   -0.000109315    -6.0131e-08    -1.9981e-05    -6.0131e-07   -9.24928e-05    -6.0131e-06
        7.94328   -0.000109316   -5.79156e-08   -1.99881e-05   -5.79156e-07   -9.25642e-05   -5.79156e-06
        8.12831   -0.000109317   -5.57776e-08   -1.99953e-05   -5.57776e-07   -9.26356e-05   -5.57776e-06
        8.31764   -0.000109318   -5.37146e-08   -2.00024e-05   -5.37146e-07   -9.27069e-05   -5.37146e-06
        8.51138   -0.000109318   -5.17242e-08   -2.00095e-05   -5.17242e-07   -9.27781e-05   -5.17242e-06
        8.70964   -0.000109319    -4.9804e-08   -2.00166e-05    -4.9804e-07    -9.2849e-05    -4.9804e-06
        8.91251    -0.00010932   -4.79518e-08   -2.00237e-05   -4.79518e-07   -9.29195e-05   -4.79518e-06
        9.12011    -0.00010932   -4.61652e-08   -2.00307e-05   -4.61652e-07   -9.29896e-05   -4.61652e-06
        9.33254   -0.000109321   -4.44423e-08   -2.00377e-05   -4.44423e-07   -9.30592e-05   -4.44423e-06
        9.54993   -0.000109322   -4.27808e-08   -2.00446e-05   -4.27808e-07   -9.31283e-05   -4.27808e-06
        9.77237   -0.000109322   -4.11788e-08   -2.00514e-05   -4.11788e-07   -9.31967e-05   -4.11788e-06
             10   -0.000109323   -3.96342e-08   -2.00582e-05   -3.96342e-07   -9.32644e-05   -3.96342e-06
        10.2329   -0.000109324   -3.81452e-08   -2.00649e-05   -3.81452e-07   -9.33315e-05   -3.81452e-06
        10.4713   -0.000109325   -3.67099e-08   -2.00715e-05   -3.67099e-07   -9.33977e-05   -3.67099e-06
        10.7152   -0.000109325   -3.53264e-08   -2.00781e-05   -3.53264e-07   -9.34632e-05   -3.53264e-06
        10.9648   -0.000109326   -3.39931e-08   -2.00845e-05   -3.39931e-07   -9.35278e-05   -3.39931e-06
        11.2202   -0.000109327   -3.27081e-08   -2.00909e-05   -3.27081e-07   -9.35915e-05   -3.27081e-06
        11.4815   -0.000109327     -3.147e-08   -2.00972e-05     -3.147e-07   -9.36544e-05     -3.147e-06
         11.749   -0.000109328    -3.0277e-08   -2.01034e-05    -3.0277e-07   -9.37164e-05    -3.0277e-06
        12.0226   -0.000109328   -2.91275e-08   -2.01095e-05   -2.91275e-07   -9.37774e-05   -2.91275e-06
        12.3027   -0.000109329   -2.80202e-08   -2.01155e-05   -2.80202e-07   -9.38375e-05   -2.80202e-06
        12.5893    -0.00010933   -2.69536e-08   -2.01214e-05   -2.69536e-07   -9.38967e-05   -2.69536e-06
        12.8825    -0.00010933   -2.59261e-08   -2.01272e-05   -2.59261e-07   -9.39549e-05   -2.59261e-06
        13.1826   -0.000109331   -2.49365e-08    -2.0133e-05   -2.49365e-07   -9.40121e-05   -2.49365e-06
        13.4896   -0.000109331   -2.39835e-08   -2.01386e-05   -2.39835e-07   -9.40684e-05   -2.39835e-06
        13.8038   -0.000109332   -2.30657e-08   -2.01441e-05   -2.30657e-07   -9.41238e-05   -2.30657e-06
        14.1254   -0.000109333   -2.21819e-08   -2.01496e-05   -2.21819e-07   -9.41782e-05   -2.21819e-06
        14.4544   -0.000109333    -2.1331e-08   -2.01549e-05    -2.1331e-07   -9.42316e-05    -2.1331e-06
        14.7911   -0.000109334   -2.05116e-08   -2.01602e-05   -2.05116e-07   -9.42841e-05   -2.05116e-06
        15.1356   -0.000109334   -1.97228e-08   -2.01653e-05   -1.97228e-07   -9.43357e-05   -1.97228e-06
        15.4882   -0.000109335   -1.89635e-08   -2.01704e-05   -1.89635e-07   -9.43864e-05   -1.89635e-06
        15.8489   -0.000109335   -1.82325e-08   -2.01754e-05   -1.82325e-07   -9.44361e-05   -1.82325e-06
        16.2181   -0.000109336   -1.75289e-08   -2.01803e-05   -1.75289e-07    -9.4485e-05   -1.75289e-06
        16.5959   -0.000109336   -1.68517e-08   -2.01851e-05   -1.68517e-07    -9.4533e-05   -1.68517e-06
        16.9824   -0.000109337      -1.62e-08   -2.01898e-05      -1.62e-07   -9.45802e-05      -1.62e-06
         17.378   -0.000109337   -1.55727e-08   -2.01944e-05   -1.55727e-07   -9.46265e-05   -1.55727e-06
        17.7828   -0.000109338   -1.49691e-08    -2.0199e-05   -1.49691e-07    -9.4672e-05   -1.49691e-06
         18.197   -0.000109338   -1.43883e-08   -2.02035e-05   -1.43883e-07   -9.47167e-05   -1.43883e-06
        18.6209   -0.000109339   -1.38295e-08   -2.02079e-05   -1.38295e-07   -9.47607e-05   -1.38295e-06
        19.0546   -0.000109339   -1.32917e-08   -2.02122e-05   -1.32917e-07   -9.48038e-05   -1.32917e-06
        19.4984    -0.00010934   -1.27744e-08   -2.02164e-05   -1.27744e-07   -9.48463e-05   -1.27744e-06
        19.9526    -0.00010934   -1.22767e-08   -2.02206e-05   -1.22767e-07   -9.48881e-05   -1.22767e-06
        20.4174   -0.000109341    -1.1798e-08   -2.02247e-05    -1.1798e-07   -9.49292e-05    -1.1798e-06
         20.893   -0.000109341   -1.13374e-08   -2.02288e-05   -1.13374e-07   -9.49697e-05   -1.13374e-06
        21.3796   -0.000109342   -1.08944e-08   -2.02328e-05   -1.08944e-07   -9.50095e-05   -1.08944e-06
        21.8776   -0.000109342   -1.04683e-08   -2.02367e-05   -1.04683e-07   -9.50488e-05   -1.04683e-06
        22.3872   -0.000109343   -1.00585e-08   -2.02406e-05   -1.00585e-07   -9.50875e-05   -1.00585e-06
        22.9087   -0.000109343    -9.6644e-09   -2.02444e-05    -9.6644e-08   -9.51257e-05    -9.6644e-07
        23.4423   -0.000109343   -9.28537e-09   -2.02482e-05   -9.28537e-08   -9.51634e-05   -9.28537e-07
        23.9883   -0.000109344   -8.92088e-09   -2.02519e-05   -8.92088e-08   -9.52007e-05   -8.92088e-07
        24.5471   -0.000109344    -8.5704e-09   -2.02556e-05    -8.5704e-08   -9.52375e-05    -8.5704e-07
        25.1189   -0.000109345   -8.23338e-09   -2.02593e-05   -8.23338e-08    -9.5274e-05   -8.23338e-07
         25.704   -0.000109345   -7.90935e-09   -2.02629e-05   -7.90935e-08   -9.53101e-05   -7.90935e-07
        26.3027   -0.000109346    -7.5978e-09   -2.02665e-05    -7.5978e-08   -9.53458e-05    -7.5978e-07
        26.9153   -0.000109346   -7.29827e-09     -2.027e-05   -7.29827e-08   -9.53813e-05   -7.29827e-07
        27.5423   -0.000109347   -7.01031e-09   -2.02736e-05   -7.01031e-08   -9.54166e-05   -7.01031e-07
        28.1838   -0.000109347   -6.73348e-09   -2.02771e-05   -6.73348e-08   -9.54517e-05   -6.73348e-07
        28.8403   -0.000109347   -6.46738e-09   -2.02806e-05   -6.46738e-08   -9.54866e-05   -6.46738e-07
        29.5121   -0.000109348   -6.21158e-09   -2.02841e-05   -6.21158e-08   -9.55214e-05   -6.21158e-07
        30.1995   -0.000109348   -5.96571e-09   -2.02876e-05   -5.96571e-08   -9.55561e-05   -5.96571e-07
         30.903   -0.000109349   -5.72939e-09    -2.0291e-05   -5.72939e-08   -9.55908e-05   -5.72939e-07
        31.6228   -0.000109349   -5.50226e-09   -2.02945e-05   -5.50226e-08   -9.56255e-05   -5.50226e-07
        32.3594    -0.00010935   -5.28396e-09    -2.0298e-05   -5.28396e-08   -9.56603e-05   -5.28396e-07
        33.1131    -0.00010935   -5.07417e-09   -2.03015e-05   -5.07417e-08   -9.56952e-05   -5.07417e-07
        33.8844   -0.000109351   -4.87255e-09    -2.0305e-05   -4.87255e-08   -9.57303e-05   -4.87255e-07
        34.6737   -0.000109351   -4.67881e-09   -2.03086e-05   -4.67881e-08   -9.57656e-05   -4.67881e-07
        35.4813   -0.000109352   -4.49264e-09   -2.03122e-05   -4.49264e-08   -9.58011e-05   -4.49264e-07
        36.3078   -0.000109352   -4.31374e-09   -2.03158e-05   -4.31374e-08    -9.5837e-05   -4.31374e-07
        37.1535   -0.000109353   -4.14185e-09   -2.03194e-05   -4.14185e-08   -9.58733e-05   -4.14185e-07
        38.0189   -0.000109353   -3.97669e-09   -2.03231e-05   -3.97669e-08     -9.591e-05   -3.97669e-07
        38.9045   -0.000109354   -3.81801e-09   -2.03268e-05   -3.81801e-08   -9.59472e-05   -3.81801e-07
        39.8107   -0.000109354   -3.66556e-09   -2.03306e-05   -3.66556e-08    -9.5985e-05   -3.66556e-07
         40.738   -0.000109355    -3.5191e-09   -2.03345e-05    -3.5191e-08   -9.60234e-05    -3.5191e-07
        41.6869   -0.000109356   -3.37839e-09   -2.03384e-05   -3.37839e-08   -9.60625e-05   -3.37839e-07
         42.658   -0.000109356   -3.24322e-09   -2.03424e-05   -3.24322e-08   -9.61024e-05   -3.24322e-07
        43.6516   -0.000109357   -3.11337e-09   -2.03465e-05   -3.11337e-08   -9.61431e-05   -3.11337e-07
        44.6684   -0.000109358   -2.98865e-09   -2.03507e-05   -2.98865e-08   -9.61848e-05   -2.98865e-07
        45.7088   -0.000109358   -2.86884e-09    -2.0355e-05   -2.86884e-08   -9.62275e-05   -2.86884e-07
        46.7735   -0.000109359   -2.75376e-09   -2.03594e-05   -2.75376e-08   -9.62712e-05   -2.75376e-07
         47.863    -0.00010936   -2.64323e-09    -2.0364e-05   -2.64323e-08   -9.63162e-05   -2.64323e-07
        48.9779    -0.00010936   -2.53707e-09   -2.03686e-05   -2.53707e-08   -9.63624e-05   -2.53707e-07
        50.1187   -0.000109361   -2.43512e-09   -2.03734e-05   -2.43512e-08   -9.64101e-05   -2.43512e-07
        51.2861   -0.000109362    -2.3372e-09   -2.03783e-05    -2.3372e-08   -9.64592e-05    -2.3372e-07
        52.4807   -0.000109363   -2.24316e-09   -2.03834e-05   -2.24316e-08   -9.65098e-05   -2.24316e-07
        53.7032   -0.000109364   -2.15285e-09   -2.03887e-05   -2.15285e-08   -9.65622e-05   -2.15285e-07
        54.9541   -0.000109365   -2.06613e-09   -2.03942e-05   -2.06613e-08   -9.66164e-05   -2.06613e-07
        56.2341   -0.000109366   -1.98285e-09   -2.03998e-05   -1.98285e-08   -9.66726e-05   -1.98285e-07
         57.544   -0.000109367   -1.90289e-09   -2.04057e-05   -1.90289e-08   -9.67308e-05   -1.90289e-07
        58.8844   -0.000109368    -1.8261e-09   -2.04118e-05    -1.8261e-08   -9.67913e-05    -1.8261e-07
         60.256   -0.000109369   -1.75238e-09   -2.04181e-05   -1.75238e-08   -9.68541e-05   -1.75238e-07
        61.6595    -0.00010937   -1.68159e-09   -2.04247e-05   -1.68159e-08   -9.69194e-05   -1.68159e-07
        63.0957   -0.000109371   -1.61362e-09   -2.04315e-05   -1.61362e-08   -9.69875e-05   -1.61362e-07
        64.5654   -0.000109372   -1.54836e-09   -2.04387e-05   -1.54836e-08   -9.70584e-05   -1.54836e-07
        66.0693   -0.000109374   -1.48571e-09   -2.04461e-05   -1.48571e-08   -9.71324e-05   -1.48571e-07
        67.6083   -0.000109375   -1.42556e-09   -2.04539e-05   -1.42556e-08   -9.72096e-05   -1.42556e-07
        69.1831   -0.000109376   -1.36782e-09    -2.0462e-05   -1.36782e-08   -9.72903e-05   -1.36782e-07
        70.7946   -0.000109378   -1.31239e-09   -2.04705e-05   -1.31239e-08   -9.73746e-05   -1.31239e-07
        72.4436   -0.000109379   -1.25917e-09   -2.04794e-05   -1.25917e-08    -9.7463e-05   -1.25917e-07
         74.131   -0.000109381   -1.20809e-09   -2.04888e-05   -1.20809e-08   -9.75555e-05   -1.20809e-07
        75.8578   -0.000109383   -1.15905e-09   -2.04985e-05   -1.15905e-08   -9.76524e-05   -1.15905e-07
        77.6247   -0.000109384   -1.11199e-09   -2.05088e-05   -1.11199e-08   -9.77541e-05   -1.11199e-07
        79.4328   -0.000109386   -1.06681e-09   -2.05195e-05   -1.06681e-08   -9.78609e-05   -1.06681e-07
        81.2831   -0.000109388   -1.02344e-09   -2.05308e-05   -1.02344e-08   -9.79732e-05   -1.02344e-07
        83.1764    -0.00010939   -9.81819e-10   -2.05427e-05   -9.81819e-09   -9.80911e-05   -9.81819e-08
        85.1138   -0.000109392    -9.4187e-10   -2.05552e-05    -9.4187e-09   -9.82153e-05    -9.4187e-08
        87.0964   -0.000109395   -9.03528e-10   -2.05684e-05   -9.03528e-09   -9.83461e-05   -9.03528e-08
        89.1251   -0.000109397   -8.66729e-10   -2.05823e-05   -8.66729e-09   -9.84839e-05   -8.66729e-08
        91.2011   -0.000109399   -8.31413e-10   -2.05969e-05   -8.31413e-09   -9.86293e-05   -8.31413e-08
        93.3254   -0.000109402    -7.9752e-10   -2.06124e-05    -7.9752e-09   -9.87827e-05    -7.9752e-08
        95.4993   -0.000109405   -7.64993e-10   -2.06287e-05   -7.64993e-09   -9.89449e-05   -7.64993e-08
        97.7237   -0.000109408   -7.33779e-10   -2.06459e-05   -7.33779e-09   -9.91163e-05   -7.33779e-08
            100   -0.000109411   -7.03825e-10   -2.06642e-05   -7.03825e-09   -9.92978e-05   -7.03825e-08
        102.329   -0.000109414   -6.75081e-10   -2.06836e-05   -6.75081e-09     -9.949e-05   -6.75081e-08
        104.713   -0.000109417   -6.47499e-10   -2.07041e-05   -6.47499e-09   -9.96939e-05   -6.47499e-08
        107.152   -0.000109421   -6.21032e-10   -2.07259e-05   -6.21032e-09   -9.99103e-05   -6.21032e-08
        109.648   -0.000109425   -5.95636e-10    -2.0749e-05   -5.95636e-09    -0.00010014   -5.95636e-08
        112.202   -0.000109429   -5.71267e-10   -2.07736e-05   -5.71267e-09   -0.000100385   -5.71267e-08
        114.815   -0.000109433   -5.47886e-10   -2.07999e-05   -5.47886e-09   -0.000100646   -5.47886e-08
         117.49   -0.000109438   -5.25452e-10   -2.08278e-05   -5.25452e-09   -0.000100924   -5.25452e-08
        120.226   -0.000109442   -5.03928e-10   -2.08577e-05   -5.03928e-09    -0.00010122   -5.03928e-08
        123.027   -0.000109447   -4.83277e-10   -2.08896e-05   -4.83277e-09   -0.000101538   -4.83277e-08
        125.893   -0.000109453   -4.63464e-10   -2.09238e-05   -4.63464e-09   -0.000101878   -4.63464e-08
        128.825   -0.000109458   -4.44455e-10   -2.09605e-05   -4.44455e-09   -0.000102243   -4.44455e-08
        131.826   -0.000109465   -4.26219e-10       -2.1e-05   -4.26219e-09   -0.000102635   -4.26219e-08
        134.896   -0.000109471   -4.08724e-10   -2.10425e-05   -4.08724e-09   -0.000103058   -4.08724e-08
        138.038   -0.000109478    -3.9194e-10   -2.10884e-05    -3.9194e-09   -0.000103515    -3.9194e-08
        141.254   -0.000109485   -3.75839e-10    -2.1138e-05   -3.75839e-09   -0.000104009   -3.75839e-08
        144.544   -0.000109493   -3.60394e-10   -2.11919e-05   -3.60394e-09   -0.000104545   -3.60394e-08
        147.911   -0.000109502   -3.45577e-10   -2.12506e-05   -3.45577e-09   -0.000105129   -3.45577e-08
        151.356   -0.000109511   -3.31364e-10   -2.13147e-05   -3.31364e-09   -0.000105767   -3.31364e-08
        154.882   -0.000109521   -3.17731e-10   -2.13849e-05   -3.17731e-09   -0.000106467   -3.17731e-08
        158.489   -0.000109532   -3.04653e-10   -2.14623e-05   -3.04653e-09   -0.000107238   -3.04653e-08
        162.181   -0.000109544    -2.9211e-10    -2.1548e-05    -2.9211e-09   -0.000108091    -2.9211e-08
        165.959   -0.000109557   -2.80078e-10   -2.16434e-05   -2.80078e-09   -0.000109042   -2.80078e-08
        169.824   -0.000109571   -2.68537e-10   -2.17504e-05   -2.68537e-09   -0.000110108   -2.68537e-08
         173.78   -0.000109587   -2.57468e-10   -2.18713e-05   -2.57468e-09   -0.000111314   -2.57468e-08
        177.828   -0.000109605   -2.46851e-10   -2.20095e-05   -2.46851e-09   -0.000112692   -2.46851e-08
         181.97   -0.000109625   -2.36669e-10   -2.21694e-05   -2.36669e-09   -0.000114286   -2.36669e-08
        186.209   -0.000109648   -2.26903e-10   -2.23574e-05   -2.26903e-09   -0.000116162   -2.26903e-08
        190.546   -0.000109675   -2.17536e-10   -2.25834e-05   -2.17536e-09   -0.000118417   -2.17536e-08
        194.984   -0.000109708   -2.08553e-10   -2.28636e-05   -2.08553e-09   -0.000121215   -2.08553e-08
        199.526   -0.000109749   -1.99938e-10   -2.32283e-05   -1.99938e-09   -0.000124857   -1.99938e-08
        204.174   -0.000109806   -1.91676e-10   -2.37458e-05   -1.91676e-09   -0.000130027   -1.91676e-08
         208.93   -0.000109903   -1.83753e-10   -2.46622e-05   -1.83753e-09   -0.000139185   -1.83753e-08
        213.796    -0.00011004   -1.90991e-07   -2.59811e-05   -1.90991e-06   -0.000152368   -1.90991e-05
        218.776   -0.000109985   -3.15763e-07   -2.53678e-05   -3.15763e-06    -0.00014623   -3.15763e-05
        223.872   -0.000109933   -3.90438e-07   -2.47876e-05   -3.90438e-06   -0.000140422   -3.90438e-05
        229.087   -0.000109885    -4.4269e-07   -2.42389e-05    -4.4269e-06   -0.000134928    -4.4269e-05
        234.423    -0.00010984   -4.81092e-07     -2.372e-05   -4.81092e-06   -0.000129732   -4.81092e-05
        239.883   -0.000109798    -5.0979e-07   -2.32295e-05    -5.0979e-06    -0.00012482    -5.0979e-05
        245.471   -0.000109759   -5.31215e-07    -2.2766e-05   -5.31215e-06   -0.000120178   -5.31215e-05
        251.189   -0.000109723   -5.46962e-07   -2.23282e-05   -5.46962e-06   -0.000115791   -5.46962e-05
         257.04    -0.00010969   -5.58152e-07   -2.19147e-05   -5.58152e-06   -0.000111648   -5.58152e-05
        263.027   -0.000109659   -5.65619e-07   -2.15243e-05   -5.65619e-06   -0.000107736   -5.65619e-05
        269.153   -0.000109632   -5.70002e-07    -2.1156e-05   -5.70002e-06   -0.000104044   -5.70002e-05
        275.423   -0.000109606   -5.71806e-07   -2.08085e-05   -5.71806e-06   -0.000100559   -5.71806e-05
        281.838   -0.000109583   -5.71442e-07   -2.04808e-05   -5.71442e-06    -9.7273e-05   -5.71442e-05
        288.403   -0.000109563   -5.69246e-07    -2.0172e-05   -5.69246e-06   -9.41743e-05   -5.69246e-05
        295.121   -0.000109545   -5.65497e-07    -1.9881e-05   -5.65497e-06   -9.12538e-05   -5.65497e-05
        301.995   -0.000109529   -5.60432e-07    -1.9607e-05   -5.60432e-06   -8.85023e-05   -5.60432e-05
         309.03   -0.000109515   -5.54251e-07   -1.93491e-05   -5.54251e-06   -8.59114e-05   -5.54251e-05
        316.228   -0.000109503   -5.47127e-07   -1.91065e-05   -5.47127e-06   -8.34726e-05   -5.47127e-05
        323.594   -0.000109493   -5.39208e-07   -1.88783e-05   -5.39208e-06   -8.11781e-05   -5.39208e-05
        331.131   -0.000109485   -5.30622e-07    -1.8664e-05   -5.30622e-06   -7.90206e-05   -5.30622e-05
        338.844    -0.00010948   -5.21482e-07   -1.84626e-05   -5.21482e-06   -7.69928e-05   -5.21482e-05
        346.737   -0.000109476   -5.11885e-07   -1.82737e-05   -5.11885e-06   -7.50881e-05   -5.11885e-05
        354.813   -0.000109474   -5.01916e-07   -1.80964e-05   -5.01916e-06   -7.32999e-05   -5.01916e-05
        363.078   -0.000109474    -4.9165e-07   -1.79303e-05    -4.9165e-06   -7.16223e-05    -4.9165e-05
        371.535   -0.000109476   -4.81154e-07   -1.77747e-05   -4.81154e-06   -7.00493e-05   -4.81154e-05
        380.189   -0.000109479   -4.70484e-07   -1.76292e-05   -4.70484e-06   -6.85755e-05   -4.70484e-05
        389.045   -0.000109485   -4.59694e-07   -1.74931e-05   -4.59694e-06   -6.71955e-05   -4.59694e-05
        398.107   -0.000109492   -4.48826e-07    -1.7366e-05   -4.48826e-06   -6.59045e-05   -4.48826e-05
         407.38   -0.000109501   -4.37921e-07   -1.72474e-05   -4.37921e-06   -6.46976e-05   -4.37921e-05
        416.869   -0.000109512   -4.27013e-07   -1.71369e-05   -4.27013e-06   -6.35704e-05   -4.27013e-05
         426.58   -0.000109525   -4.16133e-07    -1.7034e-05   -4.16133e-06   -6.25185e-05   -4.16133e-05
        436.516   -0.000109539   -4.05309e-07   -1.69383e-05   -4.05309e-06   -6.15379e-05   -4.05309e-05
        446.684   -0.000109556   -3.94563e-07   -1.68495e-05   -3.94563e-06   -6.06247e-05   -3.94563e-05
        457.088   -0.000109574   -3.83915e-07   -1.67672e-05   -3.83915e-06   -5.97752e-05   -3.83915e-05
        467.735   -0.000109594   -3.73385e-07   -1.66911e-05   -3.73385e-06    -5.8986e-05   -3.73385e-05
         478.63   -0.000109616   -3.62986e-07   -1.66208e-05   -3.62986e-06   -5.82538e-05   -3.62986e-05
        489.779    -0.00010964   -3.52734e-07    -1.6556e-05   -3.52734e-06   -5.75754e-05   -3.52734e-05
        501.187   -0.000109667   -3.42638e-07   -1.64965e-05   -3.42638e-06   -5.69478e-05   -3.42638e-05
        512.861   -0.000109695   -3.32709e-07   -1.64419e-05   -3.32709e-06   -5.63683e-05   -3.32709e-05
        524.807   -0.000109725   -3.22955e-07    -1.6392e-05   -3.22955e-06    -5.5834e-05   -3.22955e-05
        537.032   -0.000109758   -3.13383e-07   -1.63466e-05   -3.13383e-06   -5.53426e-05   -3.13383e-05
        549.541   -0.000109793   -3.03999e-07   -1.63054e-05   -3.03999e-06   -5.48916e-05   -3.03999e-05
        562.341    -0.00010983   -2.94806e-07   -1.62682e-05   -2.94806e-06   -5.44786e-05   -2.94806e-05
         575.44    -0.00010987   -2.85809e-07   -1.62348e-05   -2.85809e-06   -5.41017e-05   -2.85809e-05
        588.844   -0.000109912    -2.7701e-07    -1.6205e-05    -2.7701e-06   -5.37586e-05    -2.7701e-05
         602.56   -0.000109956   -2.68411e-07   -1.61786e-05   -2.68411e-06   -5.34476e-05   -2.68411e-05
        616.595   -0.000110004   -2.60013e-07   -1.61555e-05   -2.60013e-06   -5.31667e-05   -2.60013e-05
        630.957   -0.000110054   -2.51817e-07   -1.61355e-05   -2.51817e-06   -5.29142e-05   -2.51817e-05
        645.654   -0.000110107   -2.43821e-07   -1.61184e-05   -2.43821e-06   -5.26886e-05   -2.43821e-05
        660.693   -0.000110163   -2.36027e-07   -1.61041e-05   -2.36027e-06   -5.24882e-05   -2.36027e-05
        676.083   -0.000110222   -2.28432e-07   -1.60925e-05   -2.28432e-06   -5.23116e-05   -2.28432e-05
        691.831   -0.000110285   -2.21036e-07   -1.60834e-05   -2.21036e-06   -5.21575e-05   -2.21036e-05
        707.946   -0.000110351   -2.13836e-07   -1.60768e-05   -2.13836e-06   -5.20246e-05   -2.13836e-05
        724.436   -0.000110421   -2.06831e-07   -1.60726e-05   -2.06831e-06   -5.19116e-05   -2.06831e-05
         741.31   -0.000110495   -2.00017e-07   -1.60705e-05   -2.00017e-06   -5.18174e-05   -2.00017e-05
        758.578   -0.000110573   -1.93394e-07   -1.60707e-05   -1.93394e-06   -5.17409e-05   -1.93394e-05
        776.247   -0.000110655   -1.86956e-07   -1.60729e-05   -1.86956e-06   -5.16812e-05   -1.86956e-05
        794.328   -0.000110741   -1.80703e-07   -1.60771e-05   -1.80703e-06   -5.16372e-05   -1.80703e-05
        812.831   -0.000110832    -1.7463e-07   -1.60832e-05    -1.7463e-06   -5.16082e-05    -1.7463e-05
        831.764   -0.000110929   -1.68734e-07   -1.60913e-05   -1.68734e-06   -5.15933e-05   -1.68734e-05
        851.138    -0.00011103   -1.63013e-07   -1.61012e-05   -1.63013e-06   -5.15916e-05   -1.63013e-05
        870.964   -0.000111137   -1.57462e-07   -1.61128e-05   -1.57462e-06   -5.16026e-05   -1.57462e-05
        891.251    -0.00011125   -1.52078e-07   -1.61263e-05   -1.52078e-06   -5.16256e-05   -1.52078e-05
        912.011   -0.000111369   -1.46857e-07   -1.61415e-05   -1.46857e-06   -5.16599e-05   -1.46857e-05
        933.254   -0.000111494   -1.41796e-07   -1.61584e-05   -1.41796e-06   -5.17049e-05   -1.41796e-05
        954.993   -0.000111627   -1.36892e-07    -1.6177e-05   -1.36892e-06   -5.17603e-05   -1.36892e-05
        977.237   -0.000111767    -1.3214e-07   -1.61973e-05    -1.3214e-06   -5.18254e-05    -1.3214e-05
           1000   -0.000111915   -1.27537e-07   -1.62193e-05   -1.27537e-06   -5.18999e-05   -1.27537e-05
        1023.29   -0.000112071   -1.23079e-07    -1.6243e-05   -1.23079e-06   -5.19834e-05   -1.23079e-05
        1047.13   -0.000112236   -1.18763e-07   -1.62685e-05   -1.18763e-06   -5.20756e-05   -1.18763e-05
        1071.52   -0.000112411   -1.14585e-07   -1.62957e-05   -1.14585e-06    -5.2176e-05   -1.14585e-05
        1096.48   -0.000112596   -1.10541e-07   -1.63248e-05   -1.10541e-06   -5.22846e-05   -1.10541e-05
        1122.02   -0.000112791   -1.06629e-07   -1.63557e-05   -1.06629e-06    -5.2401e-05   -1.06629e-05
        1148.15   -0.000112998   -1.02844e-07   -1.63885e-05   -1.02844e-06   -5.25252e-05   -1.02844e-05
         1174.9   -0.000113218   -9.91824e-08   -1.64232e-05   -9.91824e-07   -5.26568e-05   -9.91824e-06
        1202.26    -0.00011345   -9.56416e-08     -1.646e-05   -9.56416e-07   -5.27959e-05   -9.56416e-06
        1230.27   -0.000113697   -9.22181e-08    -1.6499e-05   -9.22181e-07   -5.29423e-05   -9.22181e-06
        1258.93    -0.00011396   -8.89083e-08   -1.65402e-05   -8.89083e-07   -5.30961e-05   -8.89083e-06
        1288.25   -0.000114239   -8.57092e-08   -1.65838e-05   -8.57092e-07   -5.32573e-05   -8.57092e-06
        1318.26   -0.000114535   -8.26174e-08   -1.66298e-05   -8.26174e-07   -5.34258e-05   -8.26174e-06
        1348.96   -0.000114851   -7.96299e-08   -1.66785e-05   -7.96299e-07   -5.36019e-05   -7.96299e-06
        1380.38   -0.000115188   -7.67435e-08   -1.67301e-05   -7.67435e-07   -5.37856e-05   -7.67435e-06
        1412.54   -0.000115547   -7.39553e-08   -1.67846e-05   -7.39553e-07   -5.39771e-05   -7.39553e-06
        1445.44   -0.000115932   -7.12623e-08   -1.68424e-05   -7.12623e-07   -5.41767e-05   -7.12623e-06
        1479.11   -0.000116343   -6.86616e-08   -1.69037e-05   -6.86616e-07   -5.43846e-05   -6.86616e-06
        1513.56   -0.000116783   -6.61503e-08   -1.69687e-05   -6.61503e-07   -5.46012e-05   -6.61503e-06
        1548.82   -0.000117256   -6.37258e-08   -1.70379e-05   -6.37258e-07   -5.48268e-05   -6.37258e-06
        1584.89   -0.000117764   -6.13853e-08   -1.71115e-05   -6.13853e-07    -5.5062e-05   -6.13853e-06
        1621.81   -0.000118312   -5.91261e-08     -1.719e-05   -5.91261e-07   -5.53072e-05   -5.91261e-06
        1659.59   -0.000118903   -5.69458e-08   -1.72739e-05   -5.69458e-07   -5.55631e-05   -5.69458e-06
        1698.24   -0.000119543   -5.48418e-08   -1.73637e-05   -5.48418e-07   -5.58302e-05   -5.48418e-06
         1737.8   -0.000120237   -5.28117e-08     -1.746e-05   -5.28117e-07   -5.61094e-05   -5.28117e-06
        1778.28   -0.000120992    -5.0853e-08   -1.75637e-05    -5.0853e-07   -5.64015e-05    -5.0853e-06
         1819.7   -0.000121817   -4.89636e-08   -1.76757e-05   -4.89636e-07   -5.67075e-05   -4.89636e-06
        1862.09    -0.00012272   -4.71411e-08   -1.77969e-05   -4.71411e-07   -5.70284e-05   -4.71411e-06
        1905.46   -0.000123714   -4.53834e-08   -1.79286e-05   -4.53834e-07   -5.73656e-05   -4.53834e-06
        1949.84   -0.000124812   -4.36883e-08   -1.80726e-05   -4.36883e-07   -5.77204e-05   -4.36883e-06
        1995.26   -0.000126034   -4.20538e-08   -1.82305e-05   -4.20538e-07   -5.80944e-05   -4.20538e-06
        2041.74   -0.000127401   -4.04778e-08    -1.8405e-05   -4.04778e-07   -5.84894e-05   -4.04778e-06
         2089.3   -0.000128943   -3.89584e-08   -1.85991e-05   -3.89584e-07   -5.89077e-05   -3.89584e-06
        2137.96   -0.000130699   -3.74937e-08   -1.88169e-05   -3.74937e-07   -5.93515e-05   -3.74937e-06
        2187.76   -0.000132722   -3.60819e-08   -1.90639e-05   -3.60819e-07   -5.98239e-05   -3.60819e-06
        2238.72   -0.000135088   -3.47212e-08   -1.93481e-05   -3.47212e-07   -6.03282e-05   -3.47212e-06
        2290.87    -0.00013791   -3.34098e-08   -1.96811e-05   -3.34098e-07   -6.08688e-05   -3.34098e-06
        2344.23   -0.000141371    -3.2146e-08   -2.00814e-05    -3.2146e-07    -6.1451e-05    -3.2146e-06
        2398.83   -0.000145793   -3.09284e-08   -2.05817e-05   -3.09284e-07   -6.20823e-05   -3.09284e-06
        2454.71    -0.00015185   -2.97551e-08     -2.125e-05   -2.97551e-07   -6.27743e-05   -2.97551e-06
        2511.89   -0.000161507   -2.86248e-08   -2.22831e-05   -2.86248e-07   -6.35525e-05   -2.86248e-06
         2570.4   -0.000187047   -1.52439e-05   -2.49103e-05   -1.79699e-06   -6.45467e-05   -2.90575e-06
        2630.27   -0.000178715   -3.77332e-05   -2.41567e-05   -4.03554e-06   -6.52678e-05   -3.02577e-06
        2691.53   -0.000170832   -4.91962e-05   -2.34556e-05   -5.17184e-06   -6.60692e-05   -3.03938e-06
        2754.23   -0.000163375   -5.69723e-05   -2.28058e-05   -5.93981e-06   -6.69635e-05   -3.01985e-06
        2818.38   -0.000156324   -6.26234e-05    -2.2207e-05   -6.49565e-06   -6.79665e-05   -2.98267e-06
        2884.03   -0.000149659    -6.6833e-05   -2.16592e-05   -6.90768e-06   -6.90988e-05   -2.93454e-06
        2951.21   -0.000143361    -6.9982e-05   -2.11632e-05   -7.21398e-06   -7.03875e-05   -2.87915e-06
        3019.95   -0.000137412   -7.23123e-05   -2.07209e-05   -7.43872e-06   -7.18693e-05    -2.8188e-06
         3090.3   -0.000131794   -7.39909e-05   -2.03357e-05   -7.59861e-06   -7.35962e-05   -2.75504e-06
        3162.28   -0.000126494   -7.51397e-05   -2.00137e-05   -7.70581e-06   -7.56448e-05     -2.689e-06
        3235.94   -0.000121495   -7.58514e-05   -1.97654e-05    -7.7696e-06   -7.81358e-05   -2.62147e-06
        3311.31   -0.000116784   -7.61988e-05   -1.96101e-05   -7.79722e-06   -8.12773e-05    -2.5531e-06
        3388.44   -0.000112353   -7.62403e-05   -1.95878e-05   -7.79452e-06   -8.54836e-05   -2.48436e-06
        3467.37   -0.000108198   -7.60235e-05   -1.98052e-05   -7.76625e-06   -9.18353e-05   -2.41564e-06
        3548.13   -0.000104378   -7.55881e-05    -2.0997e-05   -7.71637e-06   -0.000107691   -2.34722e-06
        3630.78   -0.000100638   -7.52219e-05   -2.07077e-05   -1.01933e-05    -0.00010851   -2.77303e-05
        3715.35   -9.70477e-05   -7.45408e-05   -1.97638e-05   -1.10763e-05   -0.000102566   -3.73298e-05
        3801.89   -9.36667e-05   -7.36935e-05    -1.8873e-05   -1.16147e-05   -9.69502e-05   -4.36146e-05
        3890.45   -9.04843e-05   -7.27162e-05   -1.80327e-05   -1.19635e-05   -9.16455e-05    -4.8115e-05
        3981.07   -8.74903e-05   -7.16328e-05   -1.72403e-05   -1.21854e-05   -8.66372e-05   -5.14395e-05
         4073.8   -8.46749e-05   -7.04623e-05   -1.64936e-05   -1.23144e-05   -8.19108e-05   -5.39128e-05
        4168.69   -8.20288e-05   -6.92202e-05   -1.57902e-05   -1.23719e-05   -7.74527e-05   -5.57355e-05
         4265.8   -7.95431e-05   -6.79198e-05    -1.5128e-05   -1.23727e-05   -7.32499e-05   -5.70442e-05
        4365.16   -7.72094e-05   -6.65725e-05   -1.45049e-05   -1.23277e-05   -6.92902e-05    -5.7937e-05
        4466.84   -7.50197e-05   -6.51883e-05    -1.3919e-05   -1.22452e-05    -6.5562e-05    -5.8488e-05
        4570.88   -7.29663e-05   -6.37757e-05   -1.33684e-05   -1.21318e-05   -6.20541e-05   -5.87551e-05
        4677.35    -7.1042e-05   -6.23424e-05   -1.28513e-05   -1.19927e-05   -5.87563e-05   -5.87842e-05
         4786.3   -6.92399e-05   -6.08948e-05   -1.23662e-05   -1.18325e-05   -5.56585e-05    -5.8613e-05
        4897.79   -6.75535e-05    -5.9439e-05   -1.19114e-05   -1.16546e-05   -5.27516e-05   -5.82726e-05
        5011.87   -6.59765e-05   -5.79799e-05   -1.14855e-05   -1.14622e-05   -5.00267e-05   -5.77888e-05
        5128.61    -6.4503e-05    -5.6522e-05    -1.1087e-05    -1.1258e-05   -4.74758e-05   -5.71838e-05
        5248.07   -6.31274e-05   -5.50693e-05   -1.07147e-05   -1.10441e-05   -4.50911e-05   -5.64763e-05
        5370.32   -6.18443e-05   -5.36251e-05   -1.03673e-05   -1.08225e-05   -4.28656e-05   -5.56824e-05
        5495.41   -6.06487e-05   -5.21926e-05   -1.00437e-05   -1.05949e-05   -4.07926e-05   -5.48161e-05
        5623.41   -5.95357e-05   -5.07743e-05   -9.74277e-06   -1.03627e-05   -3.88663e-05   -5.38893e-05
         5754.4   -5.85008e-05   -4.93724e-05   -9.46355e-06   -1.01272e-05   -3.70811e-05   -5.29128e-05
        5888.44   -5.75396e-05    -4.7989e-05   -9.20514e-06   -9.88956e-06   -3.54324e-05   -5.18956e-05
         6025.6    -5.6648e-05   -4.66257e-05   -8.96673e-06   -9.65064e-06   -3.39159e-05   -5.08458e-05
        6165.95   -5.58221e-05    -4.5284e-05   -8.74759e-06   -9.41133e-06   -3.25285e-05   -4.97704e-05
        6309.57   -5.50582e-05    -4.3965e-05   -8.54712e-06   -9.17236e-06   -3.12677e-05   -4.86758e-05
        6456.54   -5.43528e-05   -4.26699e-05   -8.36485e-06   -8.93438e-06   -3.01322e-05   -4.75673e-05
        6606.93   -5.37026e-05   -4.13995e-05   -8.20043e-06   -8.69794e-06   -2.91218e-05   -4.64497e-05
        6760.83   -5.31044e-05   -4.01544e-05   -8.05374e-06   -8.46354e-06   -2.82383e-05   -4.53274e-05
        6918.31   -5.25554e-05   -3.89352e-05   -7.92486e-06   -8.23159e-06   -2.74857e-05   -4.42039e-05
        7079.46   -5.20528e-05   -3.77423e-05   -7.81426e-06   -8.00246e-06   -2.68712e-05   -4.30826e-05
        7244.36   -5.15939e-05    -3.6576e-05   -7.72287e-06   -7.77647e-06   -2.64071e-05   -4.19663e-05
         7413.1   -5.11766e-05   -3.54366e-05   -7.65246e-06   -7.55387e-06   -2.61132e-05   -4.08575e-05
        7585.78   -5.07987e-05   -3.43241e-05   -7.60612e-06   -7.33491e-06   -2.60232e-05   -3.97585e-05
        7762.47   -5.04585e-05   -3.32386e-05   -7.58961e-06   -7.11977e-06   -2.61966e-05   -3.86711e-05
        7943.28    -5.0155e-05     -3.218e-05   -7.61463e-06   -6.90861e-06   -2.67528e-05    -3.7597e-05
        8128.31   -4.98893e-05   -3.11483e-05   -7.71088e-06   -6.70157e-06   -2.79906e-05   -3.65376e-05
        8317.64    -4.9674e-05   -3.01432e-05    -8.0249e-06   -6.49874e-06   -3.13776e-05   -3.54941e-05
        8511.38   -4.94678e-05   -2.92426e-05   -8.16208e-06   -7.08059e-06   -3.29692e-05   -4.22714e-05
        8709.64   -4.92454e-05   -2.83251e-05   -7.88469e-06   -7.23643e-06     -3.039e-05   -4.47629e-05
        8912.51   -4.90481e-05   -2.74209e-05   -7.62485e-06   -7.27063e-06   -2.79628e-05   -4.60124e-05
        9120.11   -4.88746e-05   -2.65359e-05   -7.38161e-06   -7.24495e-06   -2.56796e-05   -4.66381e-05
        9332.54   -4.87231e-05   -2.56719e-05   -7.15407e-06   -7.18221e-06    -2.3533e-05   -4.68684e-05
        9549.93   -4.85922e-05   -2.48298e-05   -6.94138e-06   -7.09417e-06   -2.15158e-05   -4.68213e-05
        9772.37   -4.84806e-05   -2.40098e-05   -6.74274e-06   -6.98799e-06   -1.96211e-05   -4.65688e-05
