              1    -0.00016557             -0   -3.64435e-05             -0   -0.000202509             -0
        1.02329   -0.000165828   -6.40705e-08   -3.85559e-05   -6.40705e-07   -0.000223587   -6.40705e-06
        1.04713   -0.000165814   -2.69218e-07   -3.79313e-05   -2.69218e-06   -0.000217293   -2.69218e-05
        1.07152   -0.000165805    -3.6021e-07   -3.73409e-05    -3.6021e-06   -0.000211337    -3.6021e-05
        1.09648   -0.000165803   -4.21035e-07   -3.67828e-05   -4.21035e-06   -0.000205703   -4.21035e-05
        1.12202   -0.000165806   -4.65014e-07   -3.62555e-05   -4.65014e-06   -0.000200374   -4.65014e-05
        1.14815   -0.000165816   -4.97721e-07   -3.57576e-05   -4.97721e-06   -0.000195336   -4.97721e-05
         1.1749   -0.000165831   -5.22197e-07   -3.52875e-05   -5.22197e-06   -0.000190574   -5.22197e-05
        1.20226   -0.000165851   -5.40349e-07    -3.4844e-05   -5.40349e-06   -0.000186073   -5.40349e-05
        1.23027   -0.000165878   -5.53483e-07   -3.44257e-05   -5.53483e-06   -0.000181822   -5.53483e-05
        1.25893   -0.000165911   -5.62545e-07   -3.40315e-05   -5.62545e-06   -0.000177807   -5.62545e-05
        1.28825   -0.000165949   -5.68254e-07     -3.366e-05   -5.68254e-06   -0.000174017   -5.68254e-05
        1.31826   -0.000165994   -5.71171e-07   -3.33103e-05   -5.71171e-06    -0.00017044   -5.71171e-05
        1.34896   -0.000166045   -5.71744e-07   -3.29813e-05   -5.71744e-06   -0.000167066   -5.71744e-05
        1.38038   -0.000166102   -5.70341e-07   -3.26719e-05   -5.70341e-06   -0.000163884   -5.70341e-05
        1.41254   -0.000166166   -5.67265e-07   -3.23813e-05   -5.67265e-06   -0.000160885   -5.67265e-05
        1.44544   -0.000166236    -5.6277e-07   -3.21084e-05    -5.6277e-06   -0.000158059    -5.6277e-05
        1.47911   -0.000166314   -5.57074e-07   -3.18526e-05   -5.57074e-06   -0.000155397   -5.57074e-05
        1.51356   -0.000166398    -5.5036e-07   -3.16128e-05    -5.5036e-06   -0.000152892    -5.5036e-05
        1.54882    -0.00016649   -5.42786e-07   -3.13885e-05   -5.42786e-06   -0.000150534   -5.42786e-05
        1.58489    -0.00016659   -5.34489e-07   -3.11788e-05   -5.34489e-06   -0.000148316   -5.34489e-05
        1.62181   -0.000166697    -5.2559e-07   -3.09831e-05    -5.2559e-06   -0.000146232    -5.2559e-05
        1.65959   -0.000166813    -5.1619e-07   -3.08007e-05    -5.1619e-06   -0.000144274    -5.1619e-05
        1.69824   -0.000166938   -5.06382e-07    -3.0631e-05   -5.06382e-06   -0.000142435   -5.06382e-05
         1.7378   -0.000167071   -4.96245e-07   -3.04734e-05   -4.96245e-06    -0.00014071   -4.96245e-05
        1.77828   -0.000167215   -4.85848e-07   -3.03274e-05   -4.85848e-06   -0.000139092   -4.85848e-05
         1.8197   -0.000167368   -4.75252e-07   -3.01924e-05   -4.75252e-06   -0.000137576   -4.75252e-05
        1.86209   -0.000167532   -4.64513e-07   -3.00681e-05   -4.64513e-06   -0.000136156   -4.64513e-05
        1.90546   -0.000167708   -4.53677e-07   -2.99539e-05   -4.53677e-06   -0.000134827   -4.53677e-05
        1.94984   -0.000167895   -4.42787e-07   -2.98495e-05   -4.42787e-06   -0.000133585   -4.42787e-05
        1.99526   -0.000168095   -4.31878e-07   -2.97544e-05   -4.31878e-06   -0.000132425   -4.31878e-05
        2.04174   -0.000168309   -4.20985e-07   -2.96684e-05   -4.20985e-06   -0.000131342   -4.20985e-05
         2.0893   -0.000168536   -4.10134e-07    -2.9591e-05   -4.10134e-06   -0.000130332   -4.10134e-05
        2.13796    -0.00016878   -3.99352e-07    -2.9522e-05   -3.99352e-06   -0.000129392   -3.99352e-05
        2.18776   -0.000169039    -3.8866e-07   -2.94611e-05    -3.8866e-06   -0.000128518    -3.8866e-05
        2.23872   -0.000169317   -3.78076e-07   -2.94081e-05   -3.78076e-06   -0.000127705   -3.78076e-05
        2.29087   -0.000169613   -3.67618e-07   -2.93628e-05   -3.67618e-06   -0.000126951   -3.67618e-05
        2.34423    -0.00016993     -3.573e-07   -2.93251e-05     -3.573e-06   -0.000126253     -3.573e-05
        2.39883   -0.000170269   -3.47134e-07   -2.92947e-05   -3.47134e-06   -0.000125607   -3.47134e-05
        2.45471   -0.000170632    -3.3713e-07   -2.92716e-05    -3.3713e-06   -0.000125011    -3.3713e-05
        2.51189   -0.000171022   -3.27298e-07   -2.92558e-05   -3.27298e-06   -0.000124462   -3.27298e-05
         2.5704   -0.000171439   -3.17645e-07   -2.92471e-05   -3.17645e-06   -0.000123956   -3.17645e-05
        2.63027   -0.000171888   -3.08177e-07   -2.92457e-05   -3.08177e-06   -0.000123493   -3.08177e-05
        2.69153   -0.000172371   -2.98898e-07   -2.92515e-05   -2.98898e-06    -0.00012307   -2.98898e-05
        2.75423   -0.000172891   -2.89814e-07   -2.92648e-05   -2.89814e-06   -0.000122684   -2.89814e-05
        2.81838   -0.000173453   -2.80927e-07   -2.92858e-05   -2.80927e-06   -0.000122333   -2.80927e-05
        2.88403   -0.000174061   -2.72238e-07   -2.93145e-05   -2.72238e-06   -0.000122016   -2.72238e-05
        2.95121    -0.00017472   -2.63751e-07   -2.93516e-05   -2.63751e-06    -0.00012173   -2.63751e-05
        3.01995   -0.000175437   -2.55464e-07   -2.93972e-05   -2.55464e-06   -0.000121475   -2.55464e-05
         3.0903   -0.000176219   -2.47379e-07   -2.94522e-05   -2.47379e-06   -0.000121248   -2.47379e-05
        3.16228   -0.000177075   -2.39495e-07   -2.95171e-05   -2.39495e-06   -0.000121047   -2.39495e-05
        3.23594   -0.000178015   -2.31812e-07   -2.95929e-05   -2.31812e-06   -0.000120873   -2.31812e-05
        3.31131   -0.000179052   -2.24327e-07   -2.96807e-05   -2.24327e-06   -0.000120723   -2.24327e-05
        3.38844   -0.000180202    -2.1704e-07    -2.9782e-05    -2.1704e-06   -0.000120595    -2.1704e-05
        3.46737   -0.000181485   -2.09948e-07   -2.98986e-05   -2.09948e-06   -0.000120491   -2.09948e-05
        3.54813   -0.000182927   -2.03049e-07   -3.00331e-05   -2.03049e-06   -0.000120407   -2.03049e-05
        3.63078   -0.000184561   -1.96341e-07   -3.01886e-05   -1.96341e-06   -0.000120344   -1.96341e-05
        3.71535   -0.000186432    -1.8982e-07   -3.03696e-05    -1.8982e-06   -0.000120301    -1.8982e-05
        3.80189   -0.000188602   -1.83485e-07   -3.05822e-05   -1.83485e-06   -0.000120278   -1.83485e-05
        3.89045   -0.000191164   -1.77332e-07   -3.08355e-05   -1.77332e-06   -0.000120274   -1.77332e-05
        3.98107   -0.000194258   -1.71357e-07   -3.11435e-05   -1.71357e-06   -0.000120291   -1.71357e-05
         4.0738   -0.000198119   -1.65558e-07   -3.15296e-05   -1.65558e-06    -0.00012033   -1.65558e-05
        4.16869   -0.000203195   -1.59931e-07   -3.20386e-05   -1.59931e-06   -0.000120395   -1.59931e-05
         4.2658   -0.000210544   -1.54473e-07   -3.27763e-05   -1.54473e-06   -0.000120496   -1.54473e-05
        4.36516    -0.00022455    -1.4918e-07   -3.41808e-05    -1.4918e-06   -0.000120676    -1.4918e-05
        4.46684   -0.000237755   -2.89051e-05   -3.55064e-05   -4.31658e-06    -0.00012086   -1.46924e-05
        4.57088   -0.000229633   -4.39719e-05   -3.47006e-05   -5.77402e-06   -0.000120843   -1.43457e-05
        4.67735   -0.000221948   -5.33582e-05   -3.39395e-05   -6.66494e-06   -0.000120841   -1.39576e-05
         4.7863   -0.000214679    -5.9996e-05   -3.32212e-05   -7.28248e-06   -0.000120855   -1.35571e-05
        4.89779   -0.000207805   -6.48927e-05   -3.25434e-05   -7.72738e-06   -0.000120884   -1.31539e-05
        5.01187   -0.000201306   -6.85542e-05   -3.19042e-05   -8.05018e-06   -0.000120927   -1.27526e-05
        5.12861   -0.000195163   -7.12832e-05   -3.13018e-05   -8.28111e-06   -0.000120984    -1.2356e-05
        5.24807    -0.00018936   -7.32807e-05   -3.07342e-05   -8.44023e-06   -0.000121056   -1.19657e-05
        5.37032   -0.000183878   -7.46893e-05      -3.02e-05   -8.54179e-06   -0.000121142   -1.15827e-05
        5.49541   -0.000178702   -7.56156e-05   -2.96974e-05   -8.59638e-06   -0.000121242   -1.12078e-05
        5.62341   -0.000173816   -7.61419e-05   -2.92249e-05   -8.61221e-06   -0.000121356   -1.08415e-05
         5.7544   -0.000169206   -7.63333e-05   -2.87812e-05   -8.59578e-06   -0.000121484    -1.0484e-05
        5.88844   -0.000164857   -7.62429e-05   -2.83648e-05   -8.55233e-06   -0.000121627   -1.01356e-05
         6.0256   -0.000160757   -7.59143e-05   -2.79746e-05    -8.4862e-06   -0.000121786   -9.79629e-06
        6.16595   -0.000156892   -7.53837e-05   -2.76092e-05   -8.40098e-06   -0.000121961   -9.46618e-06
        6.30957   -0.000153251   -7.46821e-05   -2.72678e-05   -8.29973e-06   -0.000122153   -9.14525e-06
        6.45654   -0.000149822   -7.38354e-05   -2.69491e-05   -8.18503e-06   -0.000122364   -8.83342e-06
        6.60693   -0.000146594   -7.28661e-05   -2.66523e-05   -8.05908e-06   -0.000122594   -8.53062e-06
        6.76083   -0.000143557   -7.17936e-05   -2.63766e-05    -7.9238e-06   -0.000122846   -8.23674e-06
        6.91831   -0.000140701   -7.06347e-05   -2.61211e-05   -7.78082e-06   -0.000123122   -7.95164e-06
        7.07946   -0.000138017   -6.94039e-05   -2.58854e-05   -7.63159e-06   -0.000123425   -7.67518e-06
        7.24436   -0.000135495   -6.81141e-05   -2.56687e-05   -7.47735e-06   -0.000123759    -7.4072e-06
         7.4131   -0.000133128   -6.67763e-05   -2.54709e-05   -7.31919e-06   -0.000124128   -7.14754e-06
        7.58578   -0.000130907   -6.54005e-05   -2.52916e-05   -7.15807e-06   -0.000124539   -6.89601e-06
        7.76247   -0.000128824   -6.39951e-05   -2.51311e-05   -6.99481e-06      -0.000125   -6.65245e-06
        7.94328   -0.000126872   -6.25679e-05   -2.49895e-05   -6.83015e-06   -0.000125522   -6.41666e-06
        8.12831   -0.000125045   -6.11254e-05    -2.4868e-05   -6.66474e-06   -0.000126121   -6.18846e-06
        8.31764   -0.000123336   -5.96736e-05   -2.47679e-05   -6.49913e-06    -0.00012682   -5.96766e-06
        8.51138   -0.000121739   -5.82175e-05   -2.46924e-05   -6.33382e-06   -0.000127654   -5.75408e-06
        8.70964   -0.000120249   -5.67619e-05   -2.46468e-05   -6.16925e-06   -0.000128683   -5.54752e-06
        8.91251   -0.000118861   -5.53106e-05   -2.46419e-05   -6.00578e-06   -0.000130022    -5.3478e-06
        9.12011   -0.000117572   -5.38671e-05   -2.47046e-05   -5.84375e-06   -0.000131944   -5.15473e-06
        9.33254    -0.00011639   -5.24346e-05   -2.49521e-05   -5.68344e-06   -0.000135626   -4.96813e-06
        9.54993   -0.000115285   -5.10893e-05   -2.51489e-05   -6.26074e-06   -0.000138719   -1.21442e-05
        9.77237   -0.000114209   -4.97233e-05   -2.48475e-05   -6.47396e-06    -0.00013675   -1.56637e-05
             10   -0.000113208   -4.83615e-05   -2.45643e-05   -6.55204e-06   -0.000134891   -1.78141e-05
        10.2329   -0.000112279   -4.70127e-05   -2.42984e-05   -6.56513e-06   -0.000133135   -1.92951e-05
        10.4713   -0.000111417   -4.56808e-05    -2.4049e-05   -6.53788e-06   -0.000131478   -2.03518e-05
        10.7152   -0.000110618   -4.43682e-05   -2.38151e-05   -6.48281e-06   -0.000129914   -2.11082e-05
        10.9648    -0.00010988   -4.30769e-05    -2.3596e-05   -6.40747e-06   -0.000128439   -2.16386e-05
        11.2202   -0.000109198   -4.18082e-05   -2.33907e-05   -6.31689e-06   -0.000127048   -2.19924e-05
        11.4815   -0.000108569   -4.05631e-05   -2.31987e-05   -6.21467e-06   -0.000125738    -2.2205e-05
         11.749   -0.000107991   -3.93426e-05   -2.30191e-05   -6.10347e-06   -0.000124503   -2.23025e-05
        12.0226   -0.000107459   -3.81472e-05   -2.28514e-05   -5.98538e-06    -0.00012334   -2.23051e-05
        12.3027   -0.000106972   -3.69775e-05   -2.26947e-05   -5.86202e-06   -0.000122245    -2.2229e-05
        12.5893   -0.000106526   -3.58337e-05   -2.25487e-05   -5.73473e-06   -0.000121215   -2.20871e-05
        12.8825    -0.00010612   -3.47163e-05   -2.24126e-05   -5.60459e-06   -0.000120247   -2.18901e-05
        13.1826   -0.000105751   -3.36252e-05   -2.22859e-05   -5.47248e-06   -0.000119337   -2.16469e-05
        13.4896   -0.000105416   -3.25606e-05    -2.2168e-05   -5.33917e-06   -0.000118481   -2.13651e-05
        13.8038   -0.000105113   -3.15224e-05   -2.20586e-05   -5.20528e-06   -0.000117679   -2.10509e-05
        14.1254   -0.000104841   -3.05105e-05   -2.19571e-05   -5.07134e-06   -0.000116926     -2.071e-05
        14.4544   -0.000104598   -2.95248e-05   -2.18631e-05   -4.93779e-06   -0.000116219   -2.03469e-05
        14.7911   -0.000104381   -2.85651e-05   -2.17761e-05   -4.80503e-06   -0.000115558   -1.99657e-05
        15.1356   -0.000104189   -2.76312e-05   -2.16958e-05   -4.67338e-06   -0.000114938     -1.957e-05
        15.4882   -0.000104021   -2.67226e-05   -2.16217e-05    -4.5431e-06   -0.000114359   -1.91627e-05
        15.8489   -0.000103874   -2.58392e-05   -2.15535e-05   -4.41444e-06   -0.000113817   -1.87467e-05
        16.2181   -0.000103748   -2.49805e-05   -2.14909e-05   -4.28759e-06    -0.00011331   -1.83241e-05
        16.5959   -0.000103641   -2.41462e-05   -2.14336e-05   -4.16271e-06   -0.000112838   -1.78971e-05
        16.9824   -0.000103551   -2.33359e-05   -2.13811e-05   -4.03994e-06   -0.000112398   -1.74675e-05
         17.378   -0.000103478   -2.25492e-05   -2.13333e-05    -3.9194e-06   -0.000111988   -1.70367e-05
        17.7828    -0.00010342   -2.17856e-05   -2.12898e-05   -3.80118e-06   -0.000111606   -1.66063e-05
         18.197   -0.000103377   -2.10446e-05   -2.12504e-05   -3.68534e-06   -0.000111252   -1.61773e-05
        18.6209   -0.000103347   -2.03259e-05   -2.12149e-05   -3.57196e-06   -0.000110923   -1.57509e-05
        19.0546   -0.000103329    -1.9629e-05   -2.11829e-05   -3.46107e-06   -0.000110619   -1.53279e-05
        19.4984   -0.000103322   -1.89533e-05   -2.11544e-05   -3.35271e-06   -0.000110337   -1.49091e-05
        19.9526   -0.000103326   -1.82984e-05    -2.1129e-05   -3.24689e-06   -0.000110077   -1.44952e-05
        20.4174   -0.000103339   -1.76638e-05   -2.11066e-05   -3.14363e-06   -0.000109837   -1.40868e-05
         20.893   -0.000103361   -1.70491e-05    -2.1087e-05   -3.04293e-06   -0.000109617   -1.36845e-05
        21.3796   -0.000103392   -1.64537e-05   -2.10699e-05   -2.94478e-06   -0.000109415   -1.32886e-05
        21.8776    -0.00010343   -1.58772e-05   -2.10554e-05   -2.84918e-06    -0.00010923   -1.28995e-05
        22.3872   -0.000103474   -1.53191e-05   -2.10431e-05    -2.7561e-06   -0.000109061   -1.25174e-05
        22.9087   -0.000103525    -1.4779e-05   -2.10329e-05   -2.66552e-06   -0.000108907   -1.21428e-05
        23.4423   -0.000103582   -1.42563e-05   -2.10248e-05   -2.57743e-06   -0.000108768   -1.17757e-05
        23.9883   -0.000103644   -1.37506e-05   -2.10185e-05   -2.49177e-06   -0.000108643   -1.14163e-05
        24.5471    -0.00010371   -1.32614e-05   -2.10139e-05   -2.40854e-06    -0.00010853   -1.10648e-05
        25.1189   -0.000103781   -1.27883e-05   -2.10109e-05   -2.32768e-06   -0.000108429   -1.07212e-05
         25.704   -0.000103855   -1.23309e-05   -2.10095e-05   -2.24915e-06    -0.00010834   -1.03856e-05
        26.3027   -0.000103933   -1.18886e-05   -2.10094e-05   -2.17293e-06   -0.000108262    -1.0058e-05
        26.9153   -0.000104014   -1.14611e-05   -2.10107e-05   -2.09896e-06   -0.000108194   -9.73842e-06
        27.5423   -0.000104097   -1.10479e-05   -2.10131e-05    -2.0272e-06   -0.000108136   -9.42684e-06
        28.1838   -0.000104183   -1.06486e-05   -2.10167e-05   -1.95761e-06   -0.000108086   -9.12322e-06
        28.8403    -0.00010427   -1.02629e-05   -2.10213e-05   -1.89014e-06   -0.000108045   -8.82752e-06
        29.5121    -0.00010436    -9.8902e-06   -2.10269e-05   -1.82474e-06   -0.000108013   -8.53967e-06
        30.1995    -0.00010445   -9.53025e-06   -2.10334e-05   -1.76137e-06   -0.000107987   -8.25959e-06
         30.903   -0.000104542   -9.18263e-06   -2.10407e-05   -1.69998e-06    -0.00010797   -7.98718e-06
        31.6228   -0.000104635   -8.84695e-06   -2.10488e-05   -1.64053e-06   -0.000107959   -7.72235e-06
        32.3594   -0.000104728   -8.52285e-06   -2.10576e-05   -1.58295e-06   -0.000107954   -7.46499e-06
        33.1131   -0.000104822   -8.20997e-06   -2.10671e-05   -1.52722e-06   -0.000107956   -7.21497e-06
        33.8844   -0.000104916   -7.90796e-06   -2.10771e-05   -1.47328e-06   -0.000107963   -6.97218e-06
        34.6737    -0.00010501   -7.61648e-06   -2.10877e-05   -1.42109e-06   -0.000107976   -6.73648e-06
        35.4813   -0.000105104    -7.3352e-06   -2.10989e-05   -1.37059e-06   -0.000107994   -6.50775e-06
        36.3078   -0.000105198   -7.06378e-06   -2.11105e-05   -1.32174e-06   -0.000108017   -6.28584e-06
        37.1535   -0.000105292   -6.80192e-06   -2.11225e-05   -1.27451e-06   -0.000108045   -6.07062e-06
        38.0189   -0.000105386    -6.5493e-06    -2.1135e-05   -1.22883e-06   -0.000108078   -5.86193e-06
        38.9045   -0.000105478   -6.30563e-06   -2.11478e-05   -1.18468e-06   -0.000108115   -5.65965e-06
        39.8107    -0.00010557    -6.0706e-06    -2.1161e-05     -1.142e-06   -0.000108156   -5.46362e-06
         40.738   -0.000105662   -5.84395e-06   -2.11746e-05   -1.10076e-06   -0.000108201    -5.2737e-06
        41.6869   -0.000105752   -5.62539e-06   -2.11884e-05    -1.0609e-06    -0.00010825   -5.08974e-06
         42.658   -0.000105842   -5.41465e-06   -2.12025e-05    -1.0224e-06   -0.000108303   -4.91159e-06
        43.6516   -0.000105931   -5.21148e-06   -2.12169e-05   -9.85208e-07    -0.00010836   -4.73912e-06
        44.6684   -0.000106018   -5.01562e-06   -2.12316e-05   -9.49286e-07   -0.000108421   -4.57217e-06
        45.7088   -0.000106105   -4.82682e-06   -2.12465e-05   -9.14597e-07   -0.000108485   -4.41061e-06
        46.7735    -0.00010619   -4.64485e-06   -2.12616e-05   -8.81102e-07   -0.000108552   -4.25428e-06
         47.863   -0.000106274   -4.46947e-06    -2.1277e-05   -8.48765e-07   -0.000108623   -4.10306e-06
        48.9779   -0.000106357   -4.30047e-06   -2.12925e-05   -8.17551e-07   -0.000108697   -3.95679e-06
        50.1187   -0.000106439   -4.13762e-06   -2.13083e-05   -7.87423e-07   -0.000108775   -3.81535e-06
        51.2861   -0.000106519   -3.98071e-06   -2.13244e-05   -7.58347e-07   -0.000108857    -3.6786e-06
        52.4807   -0.000106599   -3.82954e-06   -2.13406e-05   -7.30291e-07   -0.000108941    -3.5464e-06
        53.7032   -0.000106676   -3.68391e-06    -2.1357e-05   -7.03221e-07    -0.00010903   -3.41863e-06
        54.9541   -0.000106753   -3.54362e-06   -2.13737e-05   -6.77107e-07   -0.000109122   -3.29515e-06
        56.2341   -0.000106828    -3.4085e-06   -2.13906e-05   -6.51916e-07   -0.000109217   -3.17585e-06
         57.544   -0.000106901   -3.27836e-06   -2.14078e-05   -6.27619e-07   -0.000109317   -3.06059e-06
        58.8844   -0.000106974   -3.15302e-06   -2.14251e-05   -6.04186e-07    -0.00010942   -2.94926e-06
         60.256   -0.000107045   -3.03233e-06   -2.14428e-05    -5.8159e-07   -0.000109527   -2.84173e-06
        61.6595   -0.000107114   -2.91611e-06   -2.14607e-05   -5.59802e-07   -0.000109639    -2.7379e-06
        63.0957   -0.000107183    -2.8042e-06   -2.14789e-05   -5.38796e-07   -0.000109755   -2.63764e-06
        64.5654   -0.000107249   -2.69646e-06   -2.14975e-05   -5.18546e-07   -0.000109875   -2.54085e-06
        66.0693   -0.000107315   -2.59274e-06   -2.15163e-05   -4.99026e-07       -0.00011   -2.44742e-06
        67.6083   -0.000107379   -2.49289e-06   -2.15355e-05   -4.80211e-07    -0.00011013   -2.35725e-06
        69.1831   -0.000107442   -2.39677e-06   -2.15551e-05   -4.62078e-07   -0.000110265   -2.27022e-06
        70.7946   -0.000107503   -2.30425e-06   -2.15751e-05   -4.44604e-07   -0.000110406   -2.18625e-06
        72.4436   -0.000107564   -2.21521e-06   -2.15956e-05   -4.27766e-07   -0.000110552   -2.10523e-06
         74.131   -0.000107623   -2.12951e-06   -2.16165e-05   -4.11542e-07   -0.000110704   -2.02707e-06
        75.8578    -0.00010768   -2.04703e-06   -2.16379e-05   -3.95911e-07   -0.000110863   -1.95167e-06
        77.6247   -0.000107737   -1.96767e-06   -2.16599e-05   -3.80854e-07   -0.000111029   -1.87895e-06
        79.4328   -0.000107792    -1.8913e-06   -2.16825e-05   -3.66348e-07   -0.000111201   -1.80882e-06
        81.2831   -0.000107846   -1.81782e-06   -2.17057e-05   -3.52377e-07   -0.000111382   -1.74119e-06
        83.1764   -0.000107899   -1.74713e-06   -2.17297e-05   -3.38921e-07   -0.000111571   -1.67597e-06
        85.1138   -0.000107951   -1.67911e-06   -2.17543e-05   -3.25962e-07   -0.000111768    -1.6131e-06
        87.0964   -0.000108001   -1.61368e-06   -2.17798e-05   -3.13482e-07   -0.000111975   -1.55249e-06
        89.1251   -0.000108051   -1.55073e-06   -2.18062e-05   -3.01465e-07   -0.000112192   -1.49407e-06
        91.2011   -0.000108099   -1.49018e-06   -2.18335e-05   -2.89894e-07    -0.00011242   -1.43775e-06
        93.3254   -0.000108147   -1.43194e-06   -2.18619e-05   -2.78754e-07   -0.000112659   -1.38348e-06
        95.4993   -0.000108193   -1.37592e-06   -2.18914e-05    -2.6803e-07    -0.00011291   -1.33118e-06
        97.7237   -0.000108239   -1.32205e-06   -2.19221e-05   -2.57705e-07   -0.000113175   -1.28078e-06
            100   -0.000108283   -1.27023e-06   -2.19542e-05   -2.47767e-07   -0.000113454   -1.23222e-06
        102.329   -0.000108327    -1.2204e-06   -2.19877e-05   -2.38202e-07   -0.000113748   -1.18543e-06
        104.713    -0.00010837   -1.17249e-06   -2.20227e-05   -2.28995e-07    -0.00011406   -1.14036e-06
        107.152   -0.000108412   -1.12641e-06   -2.20595e-05   -2.20134e-07   -0.000114389   -1.09694e-06
        109.648   -0.000108453   -1.08211e-06   -2.20981e-05   -2.11607e-07   -0.000114738   -1.05512e-06
        112.202   -0.000108494   -1.03951e-06   -2.21388e-05   -2.03401e-07   -0.000115108   -1.01484e-06
        114.815   -0.000108533   -9.98557e-07   -2.21817e-05   -1.95506e-07   -0.000115502   -9.76049e-07
         117.49   -0.000108573   -9.59183e-07    -2.2227e-05   -1.87908e-07   -0.000115921   -9.38692e-07
        120.226   -0.000108611    -9.2133e-07   -2.22751e-05   -1.80599e-07   -0.000116367    -9.0272e-07
        123.027   -0.000108649   -8.84941e-07   -2.23261e-05   -1.73567e-07   -0.000116845   -8.68083e-07
        125.893   -0.000108687   -8.49961e-07   -2.23805e-05   -1.66802e-07   -0.000117356   -8.34735e-07
        128.825   -0.000108724   -8.16337e-07   -2.24384e-05   -1.60294e-07   -0.000117904    -8.0263e-07
        131.826   -0.000108761   -7.84018e-07   -2.25005e-05   -1.54034e-07   -0.000118494   -7.71723e-07
        134.896   -0.000108797   -7.52954e-07   -2.25671e-05   -1.48012e-07    -0.00011913   -7.41971e-07
        138.038   -0.000108834   -7.23099e-07   -2.26388e-05   -1.42221e-07   -0.000119818   -7.13334e-07
        141.254    -0.00010887   -6.94405e-07   -2.27162e-05   -1.36651e-07   -0.000120564   -6.85772e-07
        144.544   -0.000108906    -6.6683e-07   -2.28002e-05   -1.31294e-07   -0.000121376   -6.59245e-07
        147.911   -0.000108942    -6.4033e-07   -2.28917e-05   -1.26143e-07   -0.000122264   -6.33716e-07
        151.356   -0.000108979   -6.14864e-07   -2.29919e-05   -1.21189e-07   -0.000123239   -6.09149e-07
        154.882   -0.000109016   -5.90394e-07    -2.3102e-05   -1.16426e-07   -0.000124315    -5.8551e-07
        158.489   -0.000109054    -5.6688e-07   -2.32241e-05   -1.11846e-07   -0.000125509   -5.62764e-07
        162.181   -0.000109092   -5.44288e-07   -2.33602e-05   -1.07442e-07   -0.000126846    -5.4088e-07
        165.959   -0.000109132    -5.2258e-07   -2.35135e-05   -1.03208e-07   -0.000128354   -5.19825e-07
        169.824   -0.000109173   -5.01724e-07    -2.3688e-05    -9.9138e-08   -0.000130076    -4.9957e-07
         173.78   -0.000109217   -4.81687e-07   -2.38898e-05   -9.52249e-08   -0.000132071   -4.80085e-07
        177.828   -0.000109264   -4.62437e-07   -2.41281e-05   -9.14632e-08    -0.00013443   -4.61341e-07
         181.97   -0.000109315   -4.43944e-07   -2.44185e-05   -8.78471e-08   -0.000137312   -4.43312e-07
        186.209   -0.000109375   -4.26179e-07   -2.47945e-05   -8.43713e-08    -0.00014105   -4.25971e-07
        190.546   -0.000109456   -4.09114e-07   -2.53791e-05   -8.10304e-08   -0.000146874   -4.09293e-07
        194.984   -0.000109537   -4.65404e-07   -2.59801e-05   -8.04648e-07   -0.000152862   -7.66154e-06
        199.526   -0.000109575   -4.86988e-07   -2.61446e-05   -1.17485e-06   -0.000154486    -1.1379e-05
        204.174   -0.000109629   -4.95205e-07   -2.64728e-05    -1.4053e-06   -0.000157747   -1.36984e-05
         208.93   -0.000109723   -4.97205e-07   -2.72102e-05   -1.56771e-06     -0.0001651   -1.53367e-05
        213.796   -0.000109858   -6.86267e-07   -2.83598e-05   -3.59511e-06   -0.000176576   -3.56243e-05
        218.776   -0.000109801   -8.06772e-07   -2.75866e-05   -4.93152e-06   -0.000168823   -4.90016e-05
        223.872   -0.000109748   -8.75388e-07   -2.68553e-05   -5.74383e-06   -0.000161491   -5.71373e-05
        229.087   -0.000109699   -9.20267e-07   -2.61639e-05   -6.31378e-06   -0.000154556   -6.28489e-05
        234.423   -0.000109653   -9.50319e-07   -2.55102e-05   -6.73064e-06      -0.000148   -6.70292e-05
        239.883   -0.000109611   -9.69935e-07   -2.48926e-05   -7.03853e-06   -0.000141804   -7.01192e-05
        245.471   -0.000109573   -9.81734e-07   -2.43091e-05    -7.2638e-06   -0.000135949   -7.23826e-05
        251.189   -0.000109537   -9.87453e-07   -2.37581e-05   -7.42401e-06   -0.000130419    -7.3995e-05
         257.04   -0.000109505   -9.88331e-07   -2.32379e-05   -7.53171e-06   -0.000125198   -7.50819e-05
        263.027   -0.000109475   -9.85293e-07   -2.27469e-05    -7.5963e-06   -0.000120269   -7.57373e-05
        269.153   -0.000109448   -9.79053e-07   -2.22838e-05   -7.62508e-06   -0.000115618   -7.60343e-05
        275.423   -0.000109424   -9.70178e-07   -2.18471e-05   -7.62389e-06   -0.000111232   -7.60312e-05
        281.838   -0.000109403   -9.59129e-07   -2.14355e-05   -7.59746e-06   -0.000107095   -7.57753e-05
        288.403   -0.000109384   -9.46284e-07   -2.10476e-05   -7.54971e-06   -0.000103197   -7.53058e-05
        295.121   -0.000109368   -9.31958e-07   -2.06824e-05   -7.48393e-06   -9.95238e-05   -7.46557e-05
        301.995   -0.000109354   -9.16415e-07   -2.03385e-05   -7.40288e-06    -9.6065e-05   -7.38527e-05
         309.03   -0.000109342   -8.99881e-07    -2.0015e-05   -7.30894e-06   -9.28092e-05   -7.29204e-05
        316.228   -0.000109333   -8.82548e-07   -1.97107e-05   -7.20415e-06   -8.97459e-05   -7.18794e-05
        323.594   -0.000109325    -8.6458e-07   -1.94248e-05   -7.09027e-06   -8.68653e-05   -7.07471e-05
        331.131    -0.00010932    -8.4612e-07   -1.91562e-05   -6.96882e-06   -8.41577e-05   -6.95389e-05
        338.844   -0.000109317   -8.27289e-07    -1.8904e-05   -6.84114e-06   -8.16143e-05   -6.82682e-05
        346.737   -0.000109315   -8.08195e-07   -1.86675e-05   -6.70838e-06   -7.92263e-05   -6.69465e-05
        354.813   -0.000109316    -7.8893e-07   -1.84457e-05   -6.57158e-06   -7.69857e-05    -6.5584e-05
        363.078   -0.000109319   -7.69573e-07   -1.82379e-05   -6.43162e-06   -7.48846e-05   -6.41898e-05
        371.535   -0.000109323   -7.50195e-07   -1.80434e-05   -6.28929e-06   -7.29157e-05   -6.27716e-05
        380.189   -0.000109329   -7.30856e-07   -1.78615e-05   -6.14528e-06    -7.1072e-05   -6.13365e-05
        389.045   -0.000109338   -7.11609e-07   -1.76915e-05    -6.0002e-06   -6.93468e-05   -5.98904e-05
        398.107   -0.000109348   -6.92499e-07   -1.75328e-05   -5.85459e-06   -6.77337e-05   -5.84388e-05
         407.38    -0.00010936   -6.73567e-07   -1.73848e-05   -5.70891e-06   -6.62267e-05   -5.69864e-05
        416.869   -0.000109373   -6.54845e-07   -1.72469e-05   -5.56358e-06   -6.48201e-05   -5.55373e-05
         426.58   -0.000109389   -6.36364e-07   -1.71185e-05   -5.41896e-06   -6.35085e-05   -5.40951e-05
        436.516   -0.000109406   -6.18147e-07   -1.69993e-05   -5.27537e-06   -6.22866e-05   -5.26631e-05
        446.684   -0.000109425   -6.00218e-07   -1.68886e-05   -5.13309e-06   -6.11496e-05    -5.1244e-05
        457.088   -0.000109446   -5.82592e-07   -1.67861e-05   -4.99235e-06   -6.00929e-05   -4.98402e-05
        467.735    -0.00010947   -5.65286e-07   -1.66912e-05   -4.85337e-06   -5.91118e-05   -4.84538e-05
         478.63   -0.000109494   -5.48312e-07   -1.66036e-05   -4.71633e-06   -5.82024e-05   -4.70867e-05
        489.779   -0.000109521   -5.31679e-07    -1.6523e-05   -4.58138e-06   -5.73606e-05   -4.57403e-05
        501.187    -0.00010955   -5.15396e-07   -1.64488e-05   -4.44866e-06   -5.65826e-05    -4.4416e-05
        512.861   -0.000109581   -4.99468e-07   -1.63808e-05   -4.31826e-06   -5.58648e-05    -4.3115e-05
        524.807   -0.000109614     -4.839e-07   -1.63186e-05    -4.1903e-06   -5.52038e-05   -4.18381e-05
        537.032   -0.000109649   -4.68694e-07    -1.6262e-05   -4.06483e-06   -5.45965e-05   -4.05861e-05
        549.541   -0.000109687   -4.53853e-07   -1.62106e-05   -3.94193e-06   -5.40397e-05   -3.93596e-05
        562.341   -0.000109727   -4.39376e-07   -1.61641e-05   -3.82164e-06   -5.35306e-05   -3.81592e-05
         575.44   -0.000109769   -4.25263e-07   -1.61223e-05   -3.70399e-06   -5.30663e-05   -3.69851e-05
        588.844   -0.000109813   -4.11513e-07   -1.60849e-05   -3.58902e-06   -5.26445e-05   -3.58375e-05
         602.56   -0.000109861   -3.98123e-07   -1.60518e-05   -3.47673e-06   -5.22625e-05   -3.47168e-05
        616.595    -0.00010991    -3.8509e-07   -1.60226e-05   -3.36713e-06    -5.1918e-05   -3.36229e-05
        630.957   -0.000109963   -3.72411e-07   -1.59972e-05   -3.26022e-06   -5.16089e-05   -3.25558e-05
        645.654   -0.000110018   -3.60081e-07   -1.59754e-05     -3.156e-06   -5.13331e-05   -3.15155e-05
        660.693   -0.000110077   -3.48096e-07    -1.5957e-05   -3.05445e-06   -5.10886e-05   -3.05018e-05
        676.083   -0.000110138   -3.36451e-07   -1.59418e-05   -2.95555e-06   -5.08736e-05   -2.95146e-05
        691.831   -0.000110203    -3.2514e-07   -1.59297e-05   -2.85927e-06   -5.06863e-05   -2.85535e-05
        707.946   -0.000110272   -3.14158e-07   -1.59205e-05    -2.7656e-06   -5.05251e-05   -2.76184e-05
        724.436   -0.000110344   -3.03498e-07   -1.59141e-05   -2.67449e-06   -5.03885e-05   -2.67089e-05
         741.31    -0.00011042   -2.93155e-07   -1.59103e-05   -2.58592e-06   -5.02749e-05   -2.58246e-05
        758.578   -0.000110499   -2.83122e-07   -1.59092e-05   -2.49984e-06   -5.01831e-05   -2.49653e-05
        776.247   -0.000110583   -2.73393e-07   -1.59104e-05   -2.41622e-06   -5.01117e-05   -2.41304e-05
        794.328   -0.000110672   -2.63962e-07    -1.5914e-05   -2.33501e-06   -5.00595e-05   -2.33197e-05
        812.831   -0.000110765   -2.54821e-07   -1.59198e-05   -2.25618e-06   -5.00254e-05   -2.25326e-05
        831.764   -0.000110863   -2.45965e-07   -1.59279e-05   -2.17967e-06   -5.00083e-05   -2.17687e-05
        851.138   -0.000110966   -2.37385e-07    -1.5938e-05   -2.10544e-06   -5.00072e-05   -2.10276e-05
        870.964   -0.000111075   -2.29077e-07   -1.59501e-05   -2.03345e-06   -5.00213e-05   -2.03087e-05
        891.251    -0.00011119   -2.21032e-07   -1.59643e-05   -1.96364e-06   -5.00496e-05   -1.96117e-05
        912.011    -0.00011131   -2.13245e-07   -1.59804e-05   -1.89596e-06   -5.00914e-05    -1.8936e-05
        933.254   -0.000111438   -2.05709e-07   -1.59984e-05   -1.83038e-06    -5.0146e-05   -1.82811e-05
        954.993   -0.000111572   -1.98416e-07   -1.60183e-05   -1.76684e-06   -5.02125e-05   -1.76466e-05
        977.237   -0.000111714   -1.91362e-07     -1.604e-05   -1.70529e-06   -5.02905e-05    -1.7032e-05
           1000   -0.000111863   -1.84539e-07   -1.60636e-05   -1.64568e-06   -5.03793e-05   -1.64368e-05
        1023.29   -0.000112021    -1.7794e-07    -1.6089e-05   -1.58796e-06   -5.04785e-05   -1.58605e-05
        1047.13   -0.000112187    -1.7156e-07   -1.61163e-05    -1.5321e-06   -5.05875e-05   -1.53026e-05
        1071.52   -0.000112363   -1.65393e-07   -1.61455e-05   -1.47803e-06    -5.0706e-05   -1.47627e-05
        1096.48    -0.00011255   -1.59432e-07   -1.61765e-05   -1.42571e-06   -5.08335e-05   -1.42402e-05
        1122.02   -0.000112746   -1.53671e-07   -1.62095e-05   -1.37509e-06   -5.09697e-05   -1.37348e-05
        1148.15   -0.000112955   -1.48105e-07   -1.62445e-05   -1.32614e-06   -5.11144e-05   -1.32459e-05
         1174.9   -0.000113176   -1.42728e-07   -1.62815e-05   -1.27879e-06   -5.12673e-05   -1.27731e-05
        1202.26    -0.00011341   -1.37534e-07   -1.63206e-05   -1.23301e-06   -5.14283e-05   -1.23159e-05
        1230.27   -0.000113658   -1.32517e-07   -1.63619e-05   -1.18876e-06   -5.15971e-05   -1.18739e-05
        1258.93   -0.000113921   -1.27673e-07   -1.64055e-05   -1.14598e-06   -5.17737e-05   -1.14467e-05
        1288.25   -0.000114202   -1.22995e-07   -1.64514e-05   -1.10464e-06    -5.1958e-05   -1.10338e-05
        1318.26   -0.000114499    -1.1848e-07   -1.64999e-05   -1.06469e-06     -5.215e-05   -1.06349e-05
        1348.96   -0.000114816   -1.14121e-07   -1.65511e-05   -1.02609e-06   -5.23497e-05   -1.02494e-05
        1380.38   -0.000115154   -1.09914e-07   -1.66051e-05   -9.88813e-07   -5.25573e-05    -9.8771e-06
        1412.54   -0.000115515   -1.05854e-07   -1.66621e-05   -9.52804e-07   -5.27729e-05   -9.51746e-06
        1445.44     -0.0001159   -1.01937e-07   -1.67224e-05   -9.18029e-07   -5.29965e-05   -9.17015e-06
        1479.11   -0.000116312   -9.81573e-08   -1.67862e-05    -8.8445e-07   -5.32286e-05   -8.83479e-06
        1513.56   -0.000116753   -9.45111e-08   -1.68537e-05   -8.52031e-07   -5.34693e-05     -8.511e-06
        1548.82   -0.000117227    -9.0994e-08   -1.69254e-05   -8.20735e-07    -5.3719e-05   -8.19843e-06
        1584.89   -0.000117736   -8.76017e-08   -1.70014e-05   -7.90528e-07   -5.39782e-05   -7.89673e-06
        1621.81   -0.000118285   -8.43301e-08   -1.70824e-05   -7.61375e-07   -5.42473e-05   -7.60556e-06
        1659.59   -0.000118877   -8.11754e-08   -1.71687e-05   -7.33242e-07   -5.45269e-05   -7.32457e-06
        1698.24   -0.000119518   -7.81336e-08   -1.72609e-05   -7.06097e-07   -5.48176e-05   -7.05345e-06
         1737.8   -0.000120213    -7.5201e-08   -1.73597e-05   -6.79909e-07   -5.51202e-05   -6.79188e-06
        1778.28   -0.000120969    -7.2374e-08   -1.74657e-05   -6.54646e-07   -5.54354e-05   -6.53955e-06
         1819.7   -0.000121794   -6.96489e-08     -1.758e-05   -6.30277e-07   -5.57643e-05   -6.29615e-06
        1862.09   -0.000122698   -6.70223e-08   -1.77035e-05   -6.06775e-07    -5.6108e-05   -6.06141e-06
        1905.46   -0.000123692    -6.4491e-08   -1.78376e-05    -5.8411e-07   -5.64675e-05   -5.83502e-06
        1949.84   -0.000124792   -6.20516e-08   -1.79838e-05   -5.62256e-07   -5.68444e-05   -5.61673e-06
        1995.26   -0.000126014   -5.97011e-08    -1.8144e-05   -5.41184e-07   -5.72402e-05   -5.40625e-06
        2041.74   -0.000127382   -5.74363e-08   -1.83206e-05   -5.20868e-07   -5.76568e-05   -5.20333e-06
         2089.3   -0.000128924   -5.52544e-08   -1.85169e-05   -5.01285e-07   -5.80962e-05   -5.00772e-06
        2137.96   -0.000130681   -5.31525e-08   -1.87368e-05   -4.82408e-07   -5.85608e-05   -4.81917e-06
        2187.76   -0.000132704   -5.11277e-08   -1.89859e-05   -4.64214e-07   -5.90537e-05   -4.63743e-06
        2238.72   -0.000135071   -4.91775e-08   -1.92722e-05    -4.4668e-07   -5.95782e-05   -4.46229e-06
        2290.87   -0.000137894   -4.72992e-08   -1.96071e-05   -4.29783e-07   -6.01386e-05   -4.29351e-06
        2344.23   -0.000141355   -4.54903e-08   -2.00094e-05   -4.13502e-07   -6.07402e-05   -4.13088e-06
        2398.83   -0.000145777   -4.37483e-08   -2.05117e-05   -3.97816e-07   -6.13906e-05   -3.97419e-06
        2454.71   -0.000151836    -4.2071e-08   -2.11819e-05   -3.82703e-07   -6.21013e-05   -3.82323e-06
        2511.89   -0.000161493    -4.0456e-08   -2.22169e-05   -3.68144e-07   -6.28979e-05    -3.6778e-06
         2570.4   -0.000187033   -1.52552e-05   -2.48458e-05   -1.87575e-06   -6.39101e-05   -3.68988e-06
        2630.27   -0.000178702   -3.77441e-05   -2.40941e-05   -4.11129e-06   -6.46487e-05   -3.77985e-06
        2691.53   -0.000170819   -4.92067e-05   -2.33947e-05   -5.24468e-06   -6.54674e-05   -3.76454e-06
        2754.23   -0.000163363   -5.69823e-05   -2.27467e-05   -6.00985e-06   -6.63785e-05   -3.71716e-06
        2818.38   -0.000156312   -6.26331e-05   -2.21495e-05     -6.563e-06   -6.73981e-05   -3.65316e-06
        2884.03   -0.000149648   -6.68423e-05   -2.16034e-05   -6.97243e-06   -6.85465e-05   -3.57922e-06
        2951.21    -0.00014335   -6.99909e-05    -2.1109e-05   -7.27623e-06    -6.9851e-05   -3.49898e-06
        3019.95   -0.000137401   -7.23209e-05   -2.06682e-05   -7.49857e-06   -7.13482e-05   -3.41471e-06
         3090.3   -0.000131784   -7.39991e-05   -2.02846e-05   -7.65615e-06   -7.30902e-05   -3.32794e-06
        3162.28   -0.000126483   -7.51476e-05   -1.99641e-05   -7.76112e-06   -7.51535e-05   -3.23974e-06
        3235.94   -0.000121485    -7.5859e-05   -1.97172e-05   -7.82276e-06   -7.76589e-05   -3.15089e-06
        3311.31   -0.000116775   -7.62061e-05   -1.95633e-05   -7.84833e-06   -8.08144e-05     -3.062e-06
        3388.44   -0.000112344   -7.62473e-05   -1.95424e-05   -7.84364e-06   -8.50344e-05   -2.97352e-06
        3467.37   -0.000108189   -7.60302e-05   -1.97612e-05   -7.81346e-06   -9.13993e-05   -2.88579e-06
        3548.13    -0.00010437   -7.55945e-05   -2.09543e-05   -7.76175e-06   -0.000107268    -2.7991e-06
        3630.78    -0.00010063   -7.52281e-05   -2.06663e-05   -1.02369e-05   -0.000108099   -2.81646e-05
        3715.35   -9.70397e-05   -7.45467e-05   -1.97236e-05   -1.11182e-05   -0.000102168   -3.77472e-05
        3801.89    -9.3659e-05   -7.36992e-05    -1.8834e-05   -1.16549e-05   -9.65643e-05   -4.40157e-05
        3890.45   -9.04769e-05   -7.27217e-05   -1.79949e-05   -1.20022e-05   -9.12714e-05   -4.85004e-05
        3981.07   -8.74831e-05   -7.16381e-05   -1.72037e-05   -1.22226e-05   -8.62745e-05   -5.18099e-05
         4073.8    -8.4668e-05   -7.04673e-05   -1.64581e-05   -1.23501e-05   -8.15592e-05   -5.42687e-05
        4168.69   -8.20221e-05   -6.92251e-05   -1.57558e-05   -1.24062e-05   -7.71119e-05   -5.60775e-05
         4265.8   -7.95366e-05   -6.79245e-05   -1.50947e-05   -1.24057e-05   -7.29197e-05   -5.73727e-05
        4365.16   -7.72031e-05    -6.6577e-05   -1.44726e-05   -1.23594e-05   -6.89703e-05   -5.82526e-05
        4466.84   -7.50136e-05   -6.51926e-05   -1.38877e-05   -1.22756e-05    -6.5252e-05   -5.87913e-05
        4570.88   -7.29605e-05   -6.37798e-05    -1.3338e-05    -1.2161e-05   -6.17538e-05   -5.90464e-05
        4677.35   -7.10364e-05   -6.23463e-05    -1.2822e-05   -1.20208e-05   -5.84654e-05   -5.90641e-05
         4786.3   -6.92345e-05   -6.08986e-05   -1.23378e-05   -1.18595e-05   -5.53768e-05   -5.88819e-05
        4897.79   -6.75483e-05   -5.94426e-05   -1.18839e-05   -1.16805e-05   -5.24787e-05   -5.85309e-05
        5011.87   -6.59715e-05   -5.79834e-05   -1.14588e-05   -1.14872e-05   -4.97625e-05    -5.8037e-05
        5128.61   -6.44982e-05   -5.65254e-05   -1.10612e-05   -1.12819e-05     -4.722e-05   -5.74222e-05
        5248.07   -6.31227e-05   -5.50725e-05   -1.06897e-05   -1.10671e-05   -4.48435e-05   -5.67052e-05
        5370.32   -6.18398e-05   -5.36282e-05   -1.03431e-05   -1.08446e-05   -4.26259e-05   -5.59023e-05
        5495.41   -6.06443e-05   -5.21956e-05   -1.00203e-05   -1.06161e-05   -4.05606e-05   -5.50273e-05
        5623.41   -5.95315e-05   -5.07771e-05   -9.72012e-06   -1.03831e-05   -3.86417e-05   -5.40922e-05
         5754.4   -5.84967e-05   -4.93751e-05   -9.44164e-06   -1.01468e-05   -3.68638e-05   -5.31076e-05
        5888.44   -5.75357e-05   -4.79916e-05   -9.18394e-06   -9.90834e-06   -3.52221e-05   -5.20826e-05
         6025.6   -5.66442e-05   -4.66282e-05   -8.94622e-06   -9.66867e-06   -3.37126e-05   -5.10254e-05
        6165.95   -5.58184e-05   -4.52864e-05   -8.72775e-06   -9.42865e-06   -3.23318e-05   -4.99429e-05
        6309.57   -5.50547e-05   -4.39673e-05   -8.52793e-06   -9.18899e-06   -3.10774e-05   -4.88414e-05
        6456.54   -5.43494e-05   -4.26721e-05   -8.34629e-06   -8.95035e-06   -2.99481e-05   -4.77263e-05
        6606.93   -5.36993e-05   -4.14016e-05   -8.18248e-06   -8.71327e-06   -2.89438e-05   -4.66025e-05
        6760.83   -5.31013e-05   -4.01564e-05   -8.03638e-06   -8.47826e-06   -2.80661e-05    -4.5474e-05
        6918.31   -5.25524e-05   -3.89371e-05   -7.90808e-06   -8.24573e-06   -2.73192e-05   -4.43447e-05
        7079.46   -5.20498e-05   -3.77442e-05   -7.79803e-06   -8.01603e-06   -2.67103e-05   -4.32178e-05
        7244.36   -5.15911e-05   -3.65778e-05   -7.70719e-06    -7.7895e-06   -2.62515e-05   -4.20961e-05
         7413.1   -5.11739e-05   -3.54383e-05   -7.63729e-06   -7.56638e-06   -2.59628e-05   -4.09821e-05
        7585.78    -5.0796e-05   -3.43258e-05   -7.59146e-06   -7.34692e-06   -2.58778e-05   -3.98781e-05
        7762.47   -5.04559e-05   -3.32402e-05   -7.57545e-06    -7.1313e-06   -2.60561e-05    -3.8786e-05
        7943.28   -5.01526e-05   -3.21816e-05   -7.60094e-06   -6.91968e-06   -2.66169e-05   -3.77072e-05
        8128.31   -4.98869e-05   -3.11497e-05   -7.69765e-06    -6.7122e-06   -2.78593e-05   -3.66434e-05
        8317.64   -4.96717e-05   -3.01446e-05   -8.01212e-06   -6.50894e-06   -3.12507e-05   -3.55958e-05
        8511.38   -4.94656e-05   -2.92439e-05   -8.14973e-06   -7.09038e-06   -3.28466e-05   -4.23689e-05
        8709.64   -4.92433e-05   -2.83264e-05   -7.87276e-06   -7.24583e-06   -3.02716e-05   -4.48565e-05
        8912.51   -4.90461e-05   -2.74222e-05   -7.61332e-06   -7.27965e-06   -2.78484e-05   -4.61023e-05
        9120.11   -4.88726e-05   -2.65371e-05   -7.37047e-06   -7.25361e-06   -2.55691e-05   -4.67244e-05
        9332.54   -4.87212e-05   -2.56731e-05   -7.14331e-06   -7.19052e-06   -2.34263e-05   -4.69511e-05
        9549.93   -4.85904e-05   -2.48309e-05   -6.93099e-06   -7.10215e-06   -2.14126e-05   -4.69008e-05
        9772.37   -4.84788e-05   -2.40109e-05   -6.73271e-06   -6.99564e-06   -1.95215e-05   -4.66451e-05
