 0.01     1    0.11688      11688
 0.01 1.08138  0.0654629    6546.29
 0.01 1.16939  0.0547426    5474.26
 0.01 1.26456  0.0477441    4774.41
 0.01 1.36747  0.0422228    4222.28
 0.01 1.47876  0.0375035    3750.35
 0.01 1.5991  0.0333196    3331.96
 0.01 1.72924  0.0295512    2955.12
 0.01 1.86997  0.0261393    2613.93
 0.01 2.02216   0.023051     2305.1
 0.01 2.18672  0.0202641    2026.41
 0.01 2.36469  0.0177599    1775.99
 0.01 2.55713  0.0155207    1552.07
 0.01 2.76524  0.0135282    1352.82
 0.01 2.99028  0.0117632    1176.32
 0.01 3.23364  0.0102067    1020.67
 0.01 3.4968 0.00883918    883.918
 0.01 3.78138 0.00764204    764.204
 0.01 4.08911 0.00659727    659.727
 0.01 4.4219 0.00568798    568.798
 0.01 4.78176 0.00489849    489.849
 0.01 5.17092 0.00421445    421.445
 0.01 5.59174 0.00362285    362.285
 0.01 6.04681 0.00311202    311.202
 0.01 6.53891 0.00267152    267.152
 0.01 7.07107 0.00229212    229.212
 0.01 7.64653 0.00196568    196.568
 0.01 8.26882 0.00168504    168.504
 0.01 8.94176 0.00144397    144.397
 0.01 9.66947 0.00123702    123.702
 0.01 10.4564 0.00105946    105.946
 0.01 11.3074 0.00090718     90.718
 0.01 12.2276 0.000776645    77.6645
 0.01 13.2227 0.000664785    66.4785
 0.01 14.2988 0.000568957    56.8957
 0.01 15.4625 0.000486886    48.6886
 0.01 16.7209 0.00041661     41.661
 0.01 18.0816 0.000356447    35.6447
 0.01 19.5532 0.000304949    30.4949
 0.01 21.1445 0.000260875    26.0875
 0.01 22.8653 0.000223159    22.3159
 0.01 24.7261 0.000190887    19.0887
 0.01 26.7384 0.000163275    16.3275
 0.01 28.9144 0.000139652    13.9652
 0.01 31.2675 0.000119444    11.9444
 0.01 33.8122 0.000102157    10.2157
 0.01 36.5639 8.73707e-05    8.73707
 0.01 39.5396 7.4723e-05     7.4723
 0.01 42.7574 6.39051e-05    6.39051
 0.01 46.2371 5.46526e-05    5.46526
0.0114815     1   0.101395    8831.15
0.0114815 1.08138  0.0567931    4946.48
0.0114815 1.16939  0.0474939    4136.54
0.0114815 1.26456   0.041423    3607.79
0.0114815 1.36747  0.0366332    3190.62
0.0114815 1.47876   0.032539    2834.03
0.0114815 1.5991  0.0289091    2517.88
0.0114815 1.72924  0.0256396    2233.12
0.0114815 1.86997  0.0226794    1975.29
0.0114815 2.02216  0.0199999    1741.92
0.0114815 2.18672  0.0175818    1531.31
0.0114815 2.36469  0.0154091    1342.07
0.0114815 2.55713  0.0134662    1172.86
0.0114815 2.76524  0.0117374    1022.28
0.0114815 2.99028   0.010206    888.909
0.0114815 3.23364 0.00885549    771.281
0.0114815 3.4968 0.00766901    667.943
0.0114815 3.78138 0.00663033    577.478
0.0114815 4.08911 0.00572386    498.528
0.0114815 4.4219 0.00493494    429.815
0.0114815 4.78176 0.00424996    370.156
0.0114815 5.17092 0.00365647    318.465
0.0114815 5.59174  0.0031432    273.761
0.0114815 6.04681 0.00269999    235.159
0.0114815 6.53891 0.00231781    201.873
0.0114815 7.07107 0.00198864    173.203
0.0114815 7.64653 0.00170542    148.535
0.0114815 8.26882 0.00146194    127.329
0.0114815 8.94176 0.00125278    109.113
0.0114815 9.66947 0.00107323    93.4745
0.0114815 10.4564 0.000919177     80.057
0.0114815 11.3074 0.000787064    68.5504
0.0114815 12.2276 0.000673812    58.6866
0.0114815 13.2227 0.000576763     50.234
0.0114815 14.2988 0.000493624    42.9928
0.0114815 15.4625 0.000422418    36.7911
0.0114815 16.7209 0.000361448    31.4808
0.0114815 18.0816 0.000309251    26.9346
0.0114815 19.5532 0.000264572    23.0432
0.0114815 21.1445 0.000226333    19.7128
0.0114815 22.8653 0.000193611    16.8628
0.0114815 24.7261 0.000165612    14.4242
0.0114815 26.7384 0.000141656    12.3377
0.0114815 28.9144 0.000121161    10.5527
0.0114815 31.2675 0.000103629    9.02568
0.0114815 33.8122 8.86309e-05    7.71943
0.0114815 36.5639 7.58021e-05    6.60209
0.0114815 39.5396 6.4829e-05    5.64637
0.0114815 42.7574 5.54435e-05    4.82893
0.0114815 46.2371 4.74161e-05    4.12977
0.0131826     1  0.0880384     6678.4
0.0131826 1.08138  0.0493143    3740.87
0.0131826 1.16939   0.041241    3128.45
0.0131826 1.26456  0.0359705    2728.64
0.0131826 1.36747   0.031812    2413.18
0.0131826 1.47876  0.0282572    2143.52
0.0131826 1.5991  0.0251053    1904.43
0.0131826 1.72924  0.0222662    1689.07
0.0131826 1.86997  0.0196956    1494.06
0.0131826 2.02216  0.0173687    1317.55
0.0131826 2.18672  0.0152687    1158.25
0.0131826 2.36469  0.0133819    1015.12
0.0131826 2.55713  0.0116946    887.129
0.0131826 2.76524  0.0101932    773.233
0.0131826 2.99028 0.00886331    672.351
0.0131826 3.23364 0.00769042    583.378
0.0131826 3.4968 0.00666002    505.214
0.0131826 3.78138 0.00575799    436.788
0.0131826 4.08911 0.00497077    377.071
0.0131826 4.4219 0.00428563    325.098
0.0131826 4.78176 0.00369077    279.973
0.0131826 5.17092 0.00317537    240.876
0.0131826 5.59174 0.00272962    207.063
0.0131826 6.04681 0.00234473    177.866
0.0131826 6.53891 0.00201283    152.689
0.0131826 7.07107 0.00172697    131.004
0.0131826 7.64653 0.00148101    112.346
0.0131826 8.26882 0.00126957    96.3068
0.0131826 8.94176 0.00108794    82.5285
0.0131826 9.66947 0.000932011    70.7003
0.0131826 10.4564 0.000798228    60.5518
0.0131826 11.3074 0.000683498    51.8486
0.0131826 12.2276 0.000585148     44.388
0.0131826 13.2227 0.000500869    37.9948
0.0131826 14.2988 0.00042867    32.5179
0.0131826 15.4625 0.000366834    27.8272
0.0131826 16.7209 0.000313886    23.8107
0.0131826 18.0816 0.000268557    20.3722
0.0131826 19.5532 0.000229758    17.4289
0.0131826 21.1445 0.000196551    14.9099
0.0131826 22.8653 0.000168134    12.7543
0.0131826 24.7261 0.000143819    10.9098
0.0131826 26.7384 0.000123016     9.3317
0.0131826 28.9144 0.000105218    7.98159
0.0131826 31.2675 8.99924e-05    6.82662
0.0131826 33.8122 7.69682e-05    5.83863
0.0131826 36.5639 6.58275e-05    4.99353
0.0131826 39.5396 5.62983e-05    4.27066
0.0131826 42.7574 4.81478e-05    3.65239
0.0131826 46.2371 4.11768e-05    3.12358
0.0151356     1  0.0764903    5053.67
0.0151356 1.08138  0.0428477    2830.92
0.0151356 1.16939  0.0358346    2367.57
0.0151356 1.26456  0.0312562    2065.08
0.0151356 1.36747  0.0276436     1826.4
0.0151356 1.47876  0.0245553    1622.35
0.0151356 1.5991  0.0218168    1441.42
0.0151356 1.72924    0.01935    1278.44
0.0151356 1.86997  0.0171162    1130.86
0.0151356 2.02216  0.0150942    997.262
0.0151356 2.18672  0.0132693    876.695
0.0151356 2.36469  0.0116296    768.358
0.0151356 2.55713  0.0101633    671.481
0.0151356 2.76524 0.00885844    585.272
0.0151356 2.99028 0.00770269    508.911
0.0151356 3.23364 0.00668337    441.566
0.0151356 3.4968  0.0057879    382.402
0.0151356 3.78138 0.00500397    330.609
0.0151356 4.08911 0.00431983    285.408
0.0151356 4.4219 0.00372441    246.069
0.0151356 4.78176 0.00320744    211.913
0.0151356 5.17092 0.00275953     182.32
0.0151356 5.59174 0.00237215    156.727
0.0151356 6.04681 0.00203766    134.627
0.0151356 6.53891 0.00174923     115.57
0.0151356 7.07107  0.0015008    99.1571
0.0151356 7.64653 0.00128705    85.0348
0.0151356 8.26882  0.0011033    72.8944
0.0151356 8.94176 0.000945455    62.4656
0.0151356 9.66947 0.000809949    53.5128
0.0151356 10.4564 0.000693687    45.8314
0.0151356 11.3074 0.000593983     39.244
0.0151356 12.2276 0.000508513    33.5971
0.0151356 13.2227 0.000435272    28.7581
0.0151356 14.2988 0.000372528    24.6127
0.0151356 15.4625 0.00031879    21.0623
0.0151356 16.7209 0.000272777    18.0222
0.0151356 18.0816 0.000233385    15.4196
0.0151356 19.5532 0.000199667    13.1918
0.0151356 21.1445 0.000170809    11.2852
0.0151356 22.8653 0.000146114    9.65365
0.0151356 24.7261 0.000124983    8.25757
0.0151356 26.7384 0.000106905    7.06311
0.0151356 28.9144 9.14376e-05    6.04122
0.0151356 31.2675 7.82062e-05    5.16703
0.0151356 33.8122 6.68877e-05    4.41923
0.0151356 36.5639 5.72061e-05    3.77957
0.0151356 39.5396 4.8925e-05    3.23244
0.0151356 42.7574 4.18419e-05    2.76447
0.0151356 46.2371 3.57839e-05    2.36422
0.017378     1  0.0664876    3825.96
0.017378 1.08138  0.0372461    2143.29
0.017378 1.16939  0.0311515    1792.58
0.017378 1.26456  0.0271729    1563.63
0.017378 1.36747  0.0240333    1382.97
0.017378 1.47876  0.0213492    1228.52
0.017378 1.5991  0.0189688    1091.54
0.017378 1.72924  0.0168244    968.142
0.017378 1.86997  0.0148825    856.396
0.017378 2.02216  0.0131245    755.233
0.017378 2.18672  0.0115378    663.932
0.017378 2.36469  0.0101121     581.89
0.017378 2.55713 0.00883715    508.525
0.017378 2.76524 0.00770259    443.238
0.017378 2.99028 0.00669763    385.409
0.017378 3.23364 0.00581131    334.406
0.017378 3.4968 0.00503267      289.6
0.017378 3.78138 0.00435103    250.375
0.017378 4.08911 0.00375615    216.144
0.017378 4.4219 0.00323841    186.351
0.017378 4.78176  0.0027889    160.484
0.017378 5.17092 0.00239943    138.073
0.017378 5.59174  0.0020626     118.69
0.017378 6.04681 0.00177176    101.954
0.017378 6.53891 0.00152096    87.5222
0.017378 7.07107 0.00130495    75.0922
0.017378 7.64653  0.0011191    64.3973
0.017378 8.26882 0.000959322    55.2032
0.017378 8.94176 0.000822073    47.3054
0.017378 9.66947 0.000704251    40.5254
0.017378 10.4564 0.00060316    34.7082
0.017378 11.3074 0.000516467    29.7196
0.017378 12.2276 0.000442151    25.4431
0.017378 13.2227 0.000378468    21.7785
0.017378 14.2988 0.000323912    18.6392
0.017378 15.4625 0.000277187    15.9505
0.017378 16.7209 0.000237179    13.6482
0.017378 18.0816 0.000202927    11.6772
0.017378 19.5532 0.000173609    9.99017
0.017378 21.1445 0.000148518    8.54629
0.017378 22.8653 0.000127045     7.3107
0.017378 24.7261 0.000108673    6.25345
0.017378 26.7384 9.2953e-05    5.34889
0.017378 28.9144 7.95046e-05    4.57501
0.017378 31.2675 6.79999e-05    3.91299
0.017378 33.8122 5.81586e-05    3.34668
0.017378 36.5639 4.97405e-05    2.86226
0.017378 39.5396  4.254e-05    2.44792
0.017378 42.7574 3.63814e-05    2.09353
0.017378 46.2371 3.11139e-05    1.79042
0.0199526     1  0.0578111    2897.42
0.0199526 1.08138   0.032387    1623.19
0.0199526 1.16939  0.0270893    1357.68
0.0199526 1.26456  0.0236311    1184.36
0.0199526 1.36747   0.020902    1047.58
0.0199526 1.47876  0.0185685    930.627
0.0199526 1.5991  0.0164988      826.9
0.0199526 1.72924  0.0146341    733.442
0.0199526 1.86997  0.0129453    648.801
0.0199526 2.02216  0.0114163     572.17
0.0199526 2.18672  0.0100363    503.006
0.0199526 2.36469 0.00879617    440.853
0.0199526 2.55713 0.00768717    385.271
0.0199526 2.76524 0.00670026    335.808
0.0199526 2.99028 0.00582608    291.996
0.0199526 3.23364 0.00505509    253.355
0.0199526 3.4968 0.00437776    219.408
0.0199526 3.78138 0.00378482     189.69
0.0199526 4.08911 0.00326734    163.755
0.0199526 4.4219 0.00281698    141.183
0.0199526 4.78176 0.00242595    121.586
0.0199526 5.17092 0.00208717    104.606
0.0199526 5.59174 0.00179417    89.9214
0.0199526 6.04681 0.00154117    77.2416
0.0199526 6.53891 0.00132301    66.3077
0.0199526 7.07107 0.00113512    56.8905
0.0199526 7.64653 0.000973447    48.7879
0.0199526 8.26882 0.000834466    41.8224
0.0199526 8.94176 0.00071508    35.8389
0.0199526 9.66947 0.000612591    30.7023
0.0199526 10.4564 0.000524657    26.2951
0.0199526 11.3074 0.000449247    22.5157
0.0199526 12.2276 0.000384603    19.2758
0.0199526 13.2227 0.000329208    16.4995
0.0199526 14.2988 0.000281753    14.1211
0.0199526 15.4625 0.00024111    12.0841
0.0199526 16.7209 0.000206309    10.3399
0.0199526 18.0816 0.000176515    8.84672
0.0199526 19.5532 0.000151013    7.56858
0.0199526 21.1445 0.000129187    6.47469
0.0199526 22.8653 0.00011051     5.5386
0.0199526 24.7261 9.45281e-05    4.73763
0.0199526 26.7384 8.08546e-05    4.05233
0.0199526 28.9144 6.91566e-05    3.46604
0.0199526 31.2675 5.91493e-05    2.96449
0.0199526 33.8122 5.05888e-05    2.53545
0.0199526 36.5639 4.32664e-05    2.16846
0.0199526 39.5396 3.70032e-05    1.85455
0.0199526 42.7574 3.16461e-05    1.58606
0.0199526 46.2371 2.70642e-05    1.35642
0.0229087     1  0.0502767    2194.66
0.0229087 1.08138  0.0281673    1229.55
0.0229087 1.16939  0.0235619    1028.51
0.0229087 1.26456  0.0205557    897.287
0.0229087 1.36747  0.0181831    793.723
0.0229087 1.47876  0.0161542    705.157
0.0229087 1.5991  0.0143544    626.593
0.0229087 1.72924  0.0127326    555.797
0.0229087 1.86997  0.0112636    491.672
0.0229087 2.02216 0.00993343     433.61
0.0229087 2.18672  0.0087328      381.2
0.0229087 2.36469 0.00765382    334.101
0.0229087 2.55713 0.00668888     291.98
0.0229087 2.76524 0.00583015    254.495
0.0229087 2.99028 0.00506949    221.291
0.0229087 3.23364 0.00439862    192.007
0.0229087 3.4968 0.00380925     166.28
0.0229087 3.78138 0.00329329    143.757
0.0229087 4.08911 0.00284301    124.102
0.0229087 4.4219 0.00245113    106.996
0.0229087 4.78176 0.00211088    92.1433
0.0229087 5.17092 0.00181609    79.2751
0.0229087 5.59174 0.00156114    68.1462
0.0229087 6.04681   0.001341    58.5367
0.0229087 6.53891 0.00115117    50.2505
0.0229087 7.07107 0.000987678    43.1137
0.0229087 7.64653 0.000847007    36.9732
0.0229087 8.26882 0.000726077    31.6944
0.0229087 8.94176 0.000622197    27.1599
0.0229087 9.66947 0.00053302    23.2672
0.0229087 10.4564 0.000456507    19.9273
0.0229087 11.3074 0.000390892    17.0631
0.0229087 12.2276 0.000334645    14.6078
0.0229087 13.2227 0.000286446    12.5038
0.0229087 14.2988 0.000245154    10.7014
0.0229087 15.4625 0.00020979    9.15769
0.0229087 16.7209 0.00017951    7.83588
0.0229087 18.0816 0.000153586    6.70428
0.0229087 19.5532 0.000131397    5.73568
0.0229087 21.1445 0.000112406     4.9067
0.0229087 22.8653 9.61546e-05     4.1973
0.0229087 24.7261 8.22491e-05     3.5903
0.0229087 26.7384 7.03517e-05    3.07096
0.0229087 28.9144 6.01732e-05    2.62666
0.0229087 31.2675 5.14658e-05    2.24657
0.0229087 33.8122 4.40174e-05    1.92143
0.0229087 36.5639 3.76461e-05    1.64331
0.0229087 39.5396 3.21965e-05    1.40543
0.0229087 42.7574 2.75353e-05    1.20196
0.0229087 46.2371 2.35486e-05    1.02793
0.0263027     1  0.0437282     1662.5
0.0263027 1.08138  0.0244998    931.455
0.0263027 1.16939  0.0204961    779.242
0.0263027 1.26456   0.017883    679.893
0.0263027 1.36747  0.0158205    601.479
0.0263027 1.47876  0.0140564    534.409
0.0263027 1.5991  0.0124912    474.901
0.0263027 1.72924  0.0110804    421.267
0.0263027 1.86997 0.00980244    372.678
0.0263027 2.02216  0.0086451    328.678
0.0263027 2.18672 0.00760033    288.957
0.0263027 2.36469 0.00666136    253.258
0.0263027 2.55713 0.00582158     221.33
0.0263027 2.76524 0.00507421    192.916
0.0263027 2.99028 0.00441218    167.746
0.0263027 3.23364 0.00382828    145.547
0.0263027 3.4968 0.00331532    126.045
0.0263027 3.78138 0.00286625    108.972
0.0263027 4.08911 0.00247435    94.0722
0.0263027 4.4219 0.00213327    81.1048
0.0263027 4.78176 0.00183714    69.8461
0.0263027 5.17092 0.00158057    60.0916
0.0263027 5.59174 0.00135868    51.6556
0.0263027 6.04681 0.00116708    44.3713
0.0263027 6.53891 0.00100187    38.0902
0.0263027 7.07107 0.000859581    32.6804
0.0263027 7.64653 0.000737152    28.0257
0.0263027 8.26882 0.000631905    24.0244
0.0263027 8.94176 0.000541497    20.5871
0.0263027 9.66947 0.000463886    17.6364
0.0263027 10.4564 0.000397297    15.1048
0.0263027 11.3074 0.000340191    12.9337
0.0263027 12.2276 0.00029124    11.0726
0.0263027 13.2227 0.000249292     9.4778
0.0263027 14.2988 0.000213356    8.11157
0.0263027 15.4625 0.000182579    6.94146
0.0263027 16.7209 0.000156226    5.93953
0.0263027 18.0816 0.000133665    5.08179
0.0263027 19.5532 0.000114353    4.34759
0.0263027 21.1445 9.78257e-05    3.71923
0.0263027 22.8653 8.36824e-05    3.18151
0.0263027 24.7261 7.15805e-05    2.72141
0.0263027 26.7384 6.12263e-05    2.32776
0.0263027 28.9144 5.23681e-05    1.99098
0.0263027 31.2675 4.47901e-05    1.70287
0.0263027 33.8122 3.83078e-05    1.45642
0.0263027 36.5639 3.2763e-05    1.24561
0.0263027 39.5396 2.80202e-05     1.0653
0.0263027 42.7574 2.39636e-05   0.911072
0.0263027 46.2371 2.04941e-05   0.779162
0.0301995     1  0.0380323    1259.37
0.0301995 1.08138  0.0213097    705.632
0.0301995 1.16939  0.0178298      590.4
0.0301995 1.26456  0.0155588    515.199
0.0301995 1.36747  0.0137661    455.838
0.0301995 1.47876  0.0122324    405.052
0.0301995 1.5991  0.0108712     359.98
0.0301995 1.72924 0.00964411    319.346
0.0301995 1.86997  0.0085322    282.528
0.0301995 2.02216 0.00752511     249.18
0.0301995 2.18672 0.00661586    219.072
0.0301995 2.36469  0.0057986     192.01
0.0301995 2.55713 0.00506763    167.805
0.0301995 2.76524 0.00441706    146.263
0.0301995 2.99028 0.00384077     127.18
0.0301995 3.23364 0.00333248    110.349
0.0301995 3.4968 0.00288593    95.5623
0.0301995 3.78138 0.00249501    82.6177
0.0301995 4.08911 0.00215386     71.321
0.0301995 4.4219 0.00185695    61.4893
0.0301995 4.78176 0.00159916    52.9533
0.0301995 5.17092 0.00137582    45.5577
0.0301995 5.59174 0.00118267    39.1618
0.0301995 6.04681 0.00101589    33.6392
0.0301995 6.53891 0.000872077    28.8772
0.0301995 7.07107 0.000748216    24.7758
0.0301995 7.64653 0.000641646    21.2469
0.0301995 8.26882 0.000550034    18.2133
0.0301995 8.94176 0.000471338    15.6075
0.0301995 9.66947 0.000403781    13.3705
0.0301995 10.4564 0.000345819    11.4512
0.0301995 11.3074 0.000296113    9.80521
0.0301995 12.2276 0.000253503    8.39428
0.0301995 13.2227 0.00021699    7.18522
0.0301995 14.2988 0.000185711    6.14945
0.0301995 15.4625 0.000158921    5.26238
0.0301995 16.7209 0.000135983    4.50281
0.0301995 18.0816 0.000116345    3.85254
0.0301995 19.5532 9.95358e-05    3.29594
0.0301995 21.1445 8.51497e-05    2.81957
0.0301995 22.8653 7.2839e-05    2.41193
0.0301995 24.7261 6.23052e-05    2.06312
0.0301995 26.7384 5.32927e-05    1.76469
0.0301995 28.9144 4.55823e-05    1.50937
0.0301995 31.2675 3.89863e-05    1.29096
0.0301995 33.8122 3.33439e-05    1.10412
0.0301995 36.5639 2.85176e-05   0.944306
0.0301995 39.5396 2.43894e-05   0.807608
0.0301995 42.7574 2.08584e-05   0.690688
0.0301995 46.2371 1.78385e-05   0.590687
0.0346737     1  0.0330751    953.897
0.0346737 1.08138  0.0185333    534.507
0.0346737 1.16939  0.0155095    447.298
0.0346737 1.26456  0.0135364    390.394
0.0346737 1.36747  0.0119787    345.469
0.0346737 1.47876  0.0106456    307.022
0.0346737 1.5991 0.00946209     272.89
0.0346737 1.72924 0.00839477    242.108
0.0346737 1.86997 0.00742739    214.208
0.0346737 2.02216 0.00655101    188.933
0.0346737 2.18672 0.00575964     166.11
0.0346737 2.36469 0.00504824    145.593
0.0346737 2.55713 0.00441191    127.241
0.0346737 2.76524 0.00384553    110.906
0.0346737 2.99028  0.0033438    96.4361
0.0346737 3.23364 0.00290126    83.6733
0.0346737 3.4968 0.00251248    72.4608
0.0346737 3.78138 0.00217213     62.645
0.0346737 4.08911 0.00187511    54.0787
0.0346737 4.4219 0.00161661    46.6235
0.0346737 4.78176 0.00139218    40.1509
0.0346737 5.17092 0.00119773     34.543
0.0346737 5.59174 0.00102958    29.6933
0.0346737 6.04681 0.000884379    25.5058
0.0346737 6.53891 0.00075918     21.895
0.0346737 7.07107 0.00065135    18.7851
0.0346737 7.64653 0.000558575    16.1095
0.0346737 8.26882 0.000478821    13.8093
0.0346737 8.94176 0.000410312    11.8335
0.0346737 9.66947 0.000351501    10.1374
0.0346737 10.4564 0.000301043    8.68218
0.0346737 11.3074 0.000257772    7.43422
0.0346737 12.2276 0.000220679    6.36445
0.0346737 13.2227 0.000188893    5.44775
0.0346737 14.2988 0.000161664    4.66244
0.0346737 15.4625 0.000138343    3.98986
0.0346737 16.7209 0.000118375    3.41396
0.0346737 18.0816 0.00010128    2.92094
0.0346737 19.5532 8.6647e-05    2.49893
0.0346737 21.1445 7.41238e-05    2.13775
0.0346737 22.8653 6.34071e-05    1.82868
0.0346737 24.7261 5.42373e-05    1.56422
0.0346737 26.7384 4.63918e-05    1.33795
0.0346737 28.9144 3.96798e-05    1.14438
0.0346737 31.2675 3.39379e-05    0.97878
0.0346737 33.8122 2.90262e-05   0.837124
0.0346737 36.5639 2.48248e-05   0.715955
0.0346737 39.5396 2.12311e-05   0.612313
0.0346737 42.7574 1.81574e-05   0.523666
0.0346737 46.2371 1.55285e-05   0.447847
0.0398107     1  0.0287583    722.375
0.0398107 1.08138  0.0161156    404.805
0.0398107 1.16939  0.0134891    338.832
0.0398107 1.26456  0.0117758    295.795
0.0398107 1.36747  0.0104229    261.811
0.0398107 1.47876 0.00926462    232.717
0.0398107 1.5991 0.00823584    206.875
0.0398107 1.72924 0.00730768    183.561
0.0398107 1.86997 0.00646612    162.422
0.0398107 2.02216  0.0057035    143.265
0.0398107 2.18672 0.00501471    125.964
0.0398107 2.36469 0.00439542    110.408
0.0398107 2.55713 0.00384142    96.4921
0.0398107 2.76524 0.00334829    84.1051
0.0398107 2.99028 0.00291142    73.1315
0.0398107 3.23364 0.00252609    63.4524
0.0398107 3.4968 0.00218756     54.949
0.0398107 3.78138  0.0018912    47.5049
0.0398107 4.08911 0.00163257    41.0084
0.0398107 4.4219 0.00140749    35.3547
0.0398107 4.78176 0.00121208    30.4461
0.0398107 5.17092 0.00104278    26.1934
0.0398107 5.59174 0.000896367    22.5157
0.0398107 6.04681 0.00076995    19.3403
0.0398107 6.53891 0.000660944    16.6022
0.0398107 7.07107 0.000567064     14.244
0.0398107 7.64653 0.00048629    12.2151
0.0398107 8.26882 0.000416855    10.4709
0.0398107 8.94176 0.000357211    8.97272
0.0398107 9.66947 0.000306009    7.68661
0.0398107 10.4564 0.000262081    6.58317
0.0398107 11.3074 0.000224409     5.6369
0.0398107 12.2276 0.000192117    4.82575
0.0398107 13.2227 0.000164445    4.13066
0.0398107 14.2988 0.000140739     3.5352
0.0398107 15.4625 0.000120437    3.02523
0.0398107 16.7209 0.000103053    2.58856
0.0398107 18.0816 8.81702e-05    2.21474
0.0398107 19.5532 7.54315e-05    1.89475
0.0398107 21.1445 6.45292e-05     1.6209
0.0398107 22.8653 5.51996e-05    1.38655
0.0398107 24.7261 4.72167e-05    1.18603
0.0398107 26.7384 4.03867e-05    1.01447
0.0398107 28.9144 3.45435e-05   0.867695
0.0398107 31.2675 2.95449e-05   0.742134
0.0398107 33.8122 2.52689e-05   0.634727
0.0398107 36.5639 2.16114e-05   0.542854
0.0398107 39.5396 1.84829e-05    0.46427
0.0398107 42.7574 1.58071e-05   0.397056
0.0398107 46.2371 1.35184e-05   0.339568
0.0457088     1   0.024997    546.874
0.0457088 1.08138   0.014009    306.483
0.0457088 1.16939  0.0117292    256.607
0.0457088 1.26456  0.0102424     224.08
0.0457088 1.36747 0.00906816     198.39
0.0457088 1.47876 0.00806232    176.384
0.0457088 1.5991 0.00716841    156.828
0.0457088 1.72924 0.00636148    139.174
0.0457088 1.86997 0.00562949     123.16
0.0457088 2.02216 0.00496592    108.643
0.0457088 2.18672 0.00436642    95.5269
0.0457088 2.36469 0.00382731    83.7323
0.0457088 2.55713 0.00334495    73.1796
0.0457088 2.76524 0.00291556    63.7854
0.0457088 2.99028 0.00253513    55.4627
0.0457088 3.23364 0.00219958    48.1216
0.0457088 3.4968 0.00190478    41.6721
0.0457088 3.78138 0.00164671     36.026
0.0457088 4.08911 0.00142149    31.0988
0.0457088 4.4219 0.00122549    26.8108
0.0457088 4.78176 0.00105533    23.0881
0.0457088 5.17092 0.000907911    19.8629
0.0457088 5.59174 0.000780425    17.0738
0.0457088 6.04681 0.000670351    14.6657
0.0457088 6.53891 0.00057544    12.5893
0.0457088 7.07107 0.000493699     10.801
0.0457088 7.64653 0.000423372    9.26238
0.0457088 8.26882 0.000362918    7.93978
0.0457088 8.94176 0.000310989     6.8037
0.0457088 9.66947 0.000266412    5.82845
0.0457088 10.4564 0.000228166    4.99173
0.0457088 11.3074 0.000195369     4.2742
0.0457088 12.2276 0.000167254    3.65913
0.0457088 13.2227 0.000143163    3.13206
0.0457088 14.2988 0.000122525    2.68055
0.0457088 15.4625 0.00010485    2.29386
0.0457088 16.7209 8.97154e-05    1.96276
0.0457088 18.0816 7.67589e-05     1.6793
0.0457088 19.5532 6.56688e-05    1.43668
0.0457088 21.1445 5.61775e-05    1.22903
0.0457088 22.8653 4.80553e-05    1.05134
0.0457088 24.7261 4.11056e-05   0.899293
0.0457088 26.7384 3.51596e-05   0.769207
0.0457088 28.9144 3.00726e-05   0.657917
0.0457088 31.2675 2.57209e-05   0.562712
0.0457088 33.8122 2.19984e-05   0.481272
0.0457088 36.5639 1.88142e-05    0.41161
0.0457088 39.5396 1.60907e-05   0.352025
0.0457088 42.7574 1.37611e-05   0.301061
0.0457088 46.2371 1.17687e-05   0.257472
0.0524807     1  0.0217179    413.826
0.0524807 1.08138  0.0121725    231.941
0.0524807 1.16939  0.0101952    194.266
0.0524807 1.26456 0.00890635    169.707
0.0524807 1.36747 0.00788806    150.304
0.0524807 1.47876 0.00701523    133.673
0.0524807 1.5991 0.00623895    118.881
0.0524807 1.72924  0.0055377    105.519
0.0524807 1.86997 0.00490118    93.3901
0.0524807 2.02216 0.00432389    82.3899
0.0524807 2.18672 0.00380213    72.4481
0.0524807 2.36469  0.0033328    63.5053
0.0524807 2.55713 0.00291282    55.5026
0.0524807 2.76524  0.0025389    48.3777
0.0524807 2.99028  0.0022076    42.0649
0.0524807 3.23364 0.00191537    36.4966
0.0524807 3.4968 0.00165863    31.6045
0.0524807 3.78138 0.00143387    27.3219
0.0524807 4.08911 0.00123774    23.5846
0.0524807 4.4219 0.00106705    20.3322
0.0524807 4.78176 0.000918869    17.5087
0.0524807 5.17092 0.000790496    15.0626
0.0524807 5.59174 0.000679484    12.9473
0.0524807 6.04681 0.000583638     11.121
0.0524807 6.53891 0.000500997     9.5463
0.0524807 7.07107 0.000429825    8.19015
0.0524807 7.64653 0.000368593    7.02339
0.0524807 8.26882 0.000315957    6.02044
0.0524807 8.94176 0.000270745    5.15895
0.0524807 9.66947 0.000231935    4.41942
0.0524807 10.4564 0.000198637    3.78496
0.0524807 11.3074 0.000170083    3.24087
0.0524807 12.2276 0.000145607    2.77448
0.0524807 13.2227 0.000124633    2.37484
0.0524807 14.2988 0.000106666    2.03248
0.0524807 15.4625 9.12782e-05    1.73927
0.0524807 16.7209 7.81026e-05    1.48821
0.0524807 18.0816 6.68231e-05    1.27329
0.0524807 19.5532 5.71684e-05    1.08932
0.0524807 21.1445 4.89055e-05   0.931876
0.0524807 22.8653 4.18347e-05   0.797144
0.0524807 24.7261 3.57846e-05   0.681861
0.0524807 26.7384 3.06082e-05   0.583227
0.0524807 28.9144 2.61797e-05   0.498844
0.0524807 31.2675 2.23913e-05   0.426658
0.0524807 33.8122 1.91507e-05   0.364909
0.0524807 36.5639 1.63787e-05   0.312089
0.0524807 39.5396 1.40077e-05   0.266911
0.0524807 42.7574 1.19797e-05   0.228269
0.0524807 46.2371 1.02452e-05   0.195219
0.060256     1  0.0188575    312.956
0.060256 1.08138  0.0105704    175.425
0.060256 1.16939 0.00885758    146.999
0.060256 1.26456 0.00774166     128.48
0.060256 1.36747 0.00685967    113.842
0.060256 1.47876 0.00610304    101.285
0.060256 1.5991 0.00542943    90.1061
0.060256 1.72924 0.00482034    79.9978
0.060256 1.86997 0.00426705    70.8155
0.060256 2.02216 0.00376492     62.482
0.060256 2.18672 0.00331087    54.9468
0.060256 2.36469 0.00290231    48.1664
0.060256 2.55713 0.00253662    42.0974
0.060256 2.76524 0.00221099    36.6933
0.060256 2.99028 0.00192245    31.9048
0.060256 3.23364 0.00166793    27.6807
0.060256 3.4968 0.00144431    23.9697
0.060256 3.78138 0.00124856     20.721
0.060256 4.08911 0.00107774    17.8861
0.060256 4.4219 0.000929091    15.4191
0.060256 4.78176 0.000800045    13.2774
0.060256 5.17092 0.000688254    11.4222
0.060256 5.59174 0.000591586    9.81788
0.060256 6.04681 0.000508127    8.43281
0.060256 6.53891 0.000436169    7.23861
0.060256 7.07107  0.0003742    6.21018
0.060256 7.64653 0.000320887     5.3254
0.060256 8.26882 0.00027506    4.56486
0.060256 8.94176 0.000235698    3.91161
0.060256 9.66947 0.000201909    3.35085
0.060256 10.4564 0.00017292    2.86977
0.060256 11.3074 0.000148062    2.45722
0.060256 12.2276 0.000126754    2.10359
0.060256 13.2227 0.000108495    1.80057
0.060256 14.2988 9.28539e-05    1.54099
0.060256 15.4625 7.94584e-05    1.31868
0.060256 16.7209 6.79886e-05    1.12833
0.060256 18.0816 5.81696e-05   0.965375
0.060256 19.5532 4.9765e-05   0.825894
0.060256 21.1445 4.25721e-05   0.706521
0.060256 22.8653 3.64169e-05    0.60437
0.060256 24.7261 3.11502e-05   0.516965
0.060256 26.7384 2.66442e-05   0.442184
0.060256 28.9144 2.27892e-05   0.378207
0.060256 31.2675 1.94914e-05   0.323477
0.060256 33.8122 1.66705e-05   0.276661
0.060256 36.5639 1.42575e-05   0.236615
0.060256 39.5396 1.21935e-05   0.202362
0.060256 42.7574 1.04282e-05   0.173065
0.060256 46.2371 8.91834e-06   0.148008
0.0691831     1  0.0163606    236.482
0.0691831 1.08138 0.00917196    132.575
0.0691831 1.16939  0.0076904     111.16
0.0691831 1.26456 0.00672586    97.2182
0.0691831 1.36747 0.00596315    86.1938
0.0691831 1.47876 0.00530811    76.7256
0.0691831 1.5991 0.00472419    68.2853
0.0691831 1.72924 0.00419555    60.6441
0.0691831 1.86997 0.00371484    53.6957
0.0691831 2.02216  0.0032782    47.3845
0.0691831 2.18672 0.00288315    41.6742
0.0691831 2.36469 0.00252751    36.5336
0.0691831 2.55713 0.00220909     31.931
0.0691831 2.76524 0.00192549    27.8318
0.0691831 2.99028 0.00167418    24.1992
0.0691831 3.23364 0.00145248    20.9947
0.0691831 3.4968  0.0012577    18.1793
0.0691831 3.78138 0.00108719    15.7147
0.0691831 4.08911 0.000938409    13.5641
0.0691831 4.4219 0.000808943    11.6928
0.0691831 4.78176 0.000696558    10.0683
0.0691831 5.17092 0.000599205    8.66115
0.0691831 5.59174 0.000515027    7.44441
0.0691831 6.04681 0.000442356    6.39398
0.0691831 6.53891 0.000379702    5.48836
0.0691831 7.07107 0.000325748    4.70849
0.0691831 7.64653 0.000279332    4.03757
0.0691831 8.26882 0.000239435    3.46089
0.0691831 8.94176 0.000205167    2.96557
0.0691831 9.66947 0.000175753     2.5404
0.0691831 10.4564 0.000150518    2.17565
0.0691831 11.3074 0.000128879    1.86286
0.0691831 12.2276 0.00011033    1.59476
0.0691831 13.2227 9.44365e-05    1.36502
0.0691831 14.2988 8.08215e-05    1.16823
0.0691831 15.4625 6.91614e-05   0.999687
0.0691831 16.7209 5.91777e-05   0.855378
0.0691831 18.0816 5.06309e-05    0.73184
0.0691831 19.5532 4.33154e-05   0.626098
0.0691831 21.1445 3.70546e-05   0.535602
0.0691831 22.8653 3.16971e-05   0.458162
0.0691831 24.7261 2.71129e-05   0.391901
0.0691831 26.7384 2.31908e-05    0.33521
0.0691831 28.9144 1.98355e-05    0.28671
0.0691831 31.2675 1.69651e-05    0.24522
0.0691831 33.8122 1.45097e-05   0.209729
0.0691831 36.5639 1.24095e-05   0.179372
0.0691831 39.5396 1.0613e-05   0.153405
0.0691831 42.7574 9.07654e-06   0.131196
0.0691831 46.2371 7.76237e-06     0.1122
0.0794328     1  0.0141793    178.507
0.0794328 1.08138 0.00795032    100.089
0.0794328 1.16939 0.00667129    83.9866
0.0794328 1.26456 0.00583944    73.5142
0.0794328 1.36747 0.00518126    65.2282
0.0794328 1.47876 0.00461515    58.1013
0.0794328 1.5991 0.00410965    51.7374
0.0794328 1.72924 0.00365128    45.9669
0.0794328 1.86997 0.00323389    40.7123
0.0794328 2.02216 0.00285437    35.9344
0.0794328 2.18672 0.00251071    31.6079
0.0794328 2.36469 0.00220116    27.7109
0.0794328 2.55713 0.00192389    24.2204
0.0794328 2.76524 0.00167689    21.1108
0.0794328 2.99028 0.00145798    18.3549
0.0794328 3.23364 0.00126485    15.9235
0.0794328 3.4968 0.00109517    13.7874
0.0794328 3.78138 0.000946646    11.9176
0.0794328 4.08911 0.00081705     10.286
0.0794328 4.4219 0.000704287    8.86645
0.0794328 4.78176 0.000606409    7.63424
0.0794328 5.17092 0.00052163    6.56694
0.0794328 5.59174 0.00044833    5.64415
0.0794328 6.04681 0.000385054    4.84754
0.0794328 6.53891 0.000330504     4.1608
0.0794328 7.07107 0.000283532    3.56946
0.0794328 7.64653 0.000243125    3.06076
0.0794328 8.26882 0.000208394    2.62353
0.0794328 8.94176 0.000178565      2.248
0.0794328 9.66947 0.000152961    1.92567
0.0794328 10.4564 0.000130997    1.64915
0.0794328 11.3074 0.000112162    1.41204
0.0794328 12.2276 9.60186e-05     1.2088
0.0794328 13.2227 8.21857e-05    1.03466
0.0794328 14.2988 7.03362e-05   0.885481
0.0794328 15.4625 6.01884e-05   0.757727
0.0794328 16.7209 5.14996e-05   0.648342
0.0794328 18.0816 4.40615e-05   0.554702
0.0794328 19.5532 3.7695e-05   0.474552
0.0794328 21.1445 3.22464e-05   0.405958
0.0794328 22.8653 2.7584e-05   0.347261
0.0794328 24.7261 2.35946e-05   0.297038
0.0794328 26.7384 2.01814e-05   0.254069
0.0794328 28.9144 1.72614e-05   0.217308
0.0794328 31.2675 1.47635e-05   0.185861
0.0794328 33.8122 1.26268e-05   0.158961
0.0794328 36.5639 1.0799e-05   0.135952
0.0794328 39.5396 9.23574e-06   0.116271
0.0794328 42.7574 7.89862e-06  0.0994377
0.0794328 46.2371 6.75499e-06  0.0850403
0.0912011     1  0.0122722    134.562
0.0912011 1.08138 0.00688224    75.4622
0.0912011 1.16939 0.00578085    63.3857
0.0912011 1.26456 0.00506549     55.542
0.0912011 1.36747 0.00449902    49.3308
0.0912011 1.47876 0.00401089    43.9785
0.0912011 1.5991 0.00357404    39.1885
0.0912011 1.72924 0.00317708     34.836
0.0912011 1.86997 0.00281498    30.8657
0.0912011 2.02216 0.00248527    27.2504
0.0912011 2.18672 0.00218639    23.9733
0.0912011 2.36469 0.00191698    21.0193
0.0912011 2.55713 0.00167555     18.372
0.0912011 2.76524 0.00146041    16.0131
0.0912011 2.99028 0.00126969    13.9219
0.0912011 3.23364 0.00110143     12.077
0.0912011 3.4968 0.000953607    10.4561
0.0912011 3.78138 0.000824214    9.03733
0.0912011 4.08911 0.000711323     7.7995
0.0912011 4.4219 0.000613104    6.72256
0.0912011 4.78176 0.000527861    5.78788
0.0912011 5.17092 0.000454033    4.97837
0.0912011 5.59174 0.000390208    4.27855
0.0912011 6.04681 0.000335117    3.67448
0.0912011 6.53891 0.000287627    3.15377
0.0912011 7.07107 0.000246738    2.70543
0.0912011 7.64653 0.000211566    2.31978
0.0912011 8.26882 0.000181338    1.98833
0.0912011 8.94176 0.000155377    1.70367
0.0912011 9.66947 0.000133095    1.45936
0.0912011 10.4564 0.00011398    1.24977
0.0912011 11.3074 9.75907e-05    1.07006
0.0912011 12.2276 8.35429e-05   0.916029
0.0912011 13.2227 7.15062e-05    0.78405
0.0912011 14.2988 6.11958e-05   0.670998
0.0912011 15.4625 5.23661e-05   0.574183
0.0912011 16.7209 4.48062e-05    0.49129
0.0912011 18.0816 3.83345e-05   0.420329
0.0912011 19.5532 3.27953e-05   0.359593
0.0912011 21.1445 2.80547e-05   0.307614
0.0912011 22.8653 2.39982e-05   0.263135
0.0912011 24.7261 2.05274e-05   0.225078
0.0912011 26.7384 1.75578e-05   0.192518
0.0912011 28.9144 1.50174e-05   0.164662
0.0912011 31.2675 1.28442e-05   0.140834
0.0912011 33.8122 1.09852e-05    0.12045
0.0912011 36.5639 9.39508e-06   0.103015
0.0912011 39.5396 8.03499e-06   0.088102
0.0912011 42.7574 6.8717e-06  0.0753467
0.0912011 46.2371 5.87676e-06  0.0644374
0.104713     1  0.0106035    101.263
0.104713 1.08138 0.00594768    56.7999
0.104713 1.16939 0.00500228    47.7714
0.104713 1.26456 0.00438935     41.918
0.104713 1.36747 0.00390351    37.2782
0.104713 1.47876 0.00348381    33.2702
0.104713 1.5991 0.00310713    29.6728
0.104713 1.72924  0.0027639    26.3951
0.104713 1.86997 0.00245009    23.3982
0.104713 2.02216 0.00216382    20.6643
0.104713 2.18672 0.00190398    18.1828
0.104713 2.36469 0.00166953    15.9439
0.104713 2.55713 0.00145929    13.9361
0.104713 2.76524 0.00127187    12.1463
0.104713 2.99028  0.0011057    10.5593
0.104713 3.23364 0.000959081    9.15915
0.104713 3.4968 0.000830273    7.92905
0.104713 3.78138 0.000717536    6.85242
0.104713 4.08911 0.000619188     5.9132
0.104713 4.4219 0.000533636    5.09618
0.104713 4.78176 0.000459396     4.3872
0.104713 5.17092 0.000395108    3.77325
0.104713 5.59174 0.000339538    3.24257
0.104713 6.04681 0.000291579    2.78456
0.104713 6.53891 0.000250243     2.3898
0.104713 7.07107 0.000214655    2.04994
0.104713 7.64653 0.000184047    1.75764
0.104713 8.26882 0.000157744    1.50644
0.104713 8.94176 0.000135155    1.29072
0.104713 9.66947 0.000115769    1.10559
0.104713 10.4564 9.91399e-05   0.946778
0.104713 11.3074 8.4882e-05   0.810617
0.104713 12.2276 7.26619e-05   0.693915
0.104713 13.2227 6.21917e-05   0.593926
0.104713 14.2988 5.32234e-05    0.50828
0.104713 15.4625 4.55434e-05   0.434936
0.104713 16.7209 3.8968e-05   0.372141
0.104713 18.0816 3.33392e-05   0.318387
0.104713 19.5532 2.85215e-05   0.272378
0.104713 21.1445 2.43986e-05   0.233004
0.104713 22.8653 2.08706e-05   0.199312
0.104713 24.7261 1.78519e-05   0.170485
0.104713 26.7384 1.52694e-05   0.145821
0.104713 28.9144  1.306e-05   0.124722
0.104713 31.2675  1.117e-05   0.106673
0.104713 33.8122 9.55329e-06  0.0912332
0.104713 36.5639 8.17043e-06   0.078027
0.104713 39.5396 6.98762e-06  0.0667312
0.104713 42.7574 5.97595e-06  0.0570699
0.104713 46.2371 5.11069e-06  0.0488067
0.120226     1  0.0091425     76.044
0.120226 1.08138 0.00512945    42.6649
0.120226 1.16939 0.00432119    35.9421
0.120226 1.26456 0.00379843     31.594
0.120226 1.36747 0.00338355    28.1432
0.120226 1.47876 0.00302401    25.1527
0.120226 1.5991  0.0027001    22.4584
0.120226 1.72924  0.0024039    19.9948
0.120226 1.86997 0.00213227    17.7355
0.120226 2.02216  0.0018839    15.6696
0.120226 2.18672 0.00165806    13.7912
0.120226 2.36469 0.00145405    12.0942
0.120226 2.55713 0.00127095    10.5713
0.120226 2.76524 0.00110765    9.21304
0.120226 2.99028 0.000962832    8.00849
0.120226 3.23364 0.000835046    6.94561
0.120226 3.4968 0.000722788    6.01189
0.120226 3.78138 0.000624549    5.19477
0.120226 4.08911 0.000538864    4.48208
0.120226 4.4219 0.000464343    3.86223
0.120226 4.78176 0.000399688    3.32446
0.120226 5.17092 0.000343713    2.85888
0.120226 5.59174 0.000295338    2.45652
0.120226 6.04681 0.000253596    2.10932
0.120226 6.53891 0.000217625    1.81013
0.120226 7.07107 0.000186661    1.55258
0.120226 7.64653 0.000160034     1.3311
0.120226 8.26882 0.000137153    1.14079
0.120226 8.94176 0.000117507   0.977381
0.120226 9.66947 0.000100648    0.83715
0.120226 10.4564 8.61869e-05   0.716872
0.120226 11.3074 7.37893e-05   0.613752
0.120226 12.2276 6.31642e-05   0.525377
0.120226 13.2227 5.40612e-05   0.449661
0.120226 14.2988 4.62643e-05    0.38481
0.120226 15.4625 3.95877e-05   0.329276
0.120226 16.7209 3.38716e-05   0.281731
0.120226 18.0816 2.89785e-05   0.241033
0.120226 19.5532 2.47907e-05     0.2062
0.120226 21.1445 2.12068e-05   0.176391
0.120226 22.8653 1.81402e-05   0.150883
0.120226 24.7261 1.55163e-05   0.129059
0.120226 26.7384 1.32716e-05   0.110388
0.120226 28.9144 1.13512e-05   0.094415
0.120226 31.2675 9.70843e-06  0.0807512
0.120226 33.8122 8.30324e-06  0.0690633
0.120226 36.5639 7.10129e-06   0.059066
0.120226 39.5396 6.07324e-06   0.050515
0.120226 42.7574 5.19395e-06  0.0432014
0.120226 46.2371 4.4419e-06  0.0369461
0.138038     1 0.00786354    56.9663
0.138038 1.08138 0.00441315    31.9704
0.138038 1.16939 0.00372544    26.9885
0.138038 1.26456 0.00328209    23.7766
0.138038 1.36747 0.00292969    21.2237
0.138038 1.47876 0.00262303    19.0022
0.138038 1.5991  0.0023454    16.9909
0.138038 1.72924 0.00209036    15.1433
0.138038 1.86997 0.00185556    13.4423
0.138038 2.02216 0.00164021    11.8823
0.138038 2.18672 0.00144397    10.4606
0.138038 2.36469 0.00126642    9.17438
0.138038 2.55713 0.00110692    8.01891
0.138038 2.76524 0.000964585     6.9878
0.138038 2.99028 0.000838328    6.07315
0.138038 3.23364 0.000726918    5.26606
0.138038 3.4968 0.000629058    4.55712
0.138038 3.78138 0.000543438    3.93686
0.138038 4.08911 0.00046878    3.39601
0.138038 4.4219 0.000403868    2.92576
0.138038 4.78176 0.000347567     2.5179
0.138038 5.17092 0.000298839     2.1649
0.138038 5.59174 0.000256739    1.85991
0.138038 6.04681 0.000220422    1.59681
0.138038 6.53891 0.000189132    1.37014
0.138038 7.07107 0.000162204    1.17507
0.138038 7.64653 0.000139052    1.00734
0.138038 8.26882 0.000119161   0.863247
0.138038 8.94176 0.000102085   0.739537
0.138038 9.66947 8.74322e-05    0.63339
0.138038 10.4564 7.48661e-05   0.542357
0.138038 11.3074 6.40937e-05   0.464318
0.138038 12.2276 5.48625e-05   0.397443
0.138038 13.2227 4.69542e-05   0.340153
0.138038 14.2988 4.0181e-05   0.291086
0.138038 15.4625 3.43814e-05   0.249071
0.138038 16.7209 2.94163e-05   0.213102
0.138038 18.0816 2.51664e-05   0.182314
0.138038 19.5532 2.15291e-05   0.155964
0.138038 21.1445 1.84165e-05   0.133415
0.138038 22.8653 1.57531e-05   0.114121
0.138038 24.7261 1.34744e-05  0.0976136
0.138038 26.7384 1.15249e-05  0.0834908
0.138038 28.9144 9.85722e-06  0.0714093
0.138038 31.2675 8.43062e-06  0.0610745
0.138038 33.8122 7.21033e-06  0.0522343
0.138038 36.5639 6.16657e-06  0.0446728
0.138038 39.5396 5.27381e-06  0.0382054
0.138038 42.7574 4.51024e-06  0.0326738
0.138038 46.2371 3.85718e-06  0.0279428
0.158489     1 0.00674651    42.5676
0.158489 1.08138 0.00378749    23.8975
0.158489 1.16939 0.00320545     20.225
0.158489 1.26456 0.00283181    17.8675
0.158489 1.36747 0.00253425      15.99
0.158489 1.47876 0.00227394    14.3476
0.158489 1.5991 0.00203678    12.8512
0.158489 1.72924 0.00181763    11.4685
0.158489 1.86997 0.00161487    10.1892
0.158489 2.02216 0.00142822    9.01144
0.158489 2.18672 0.00125765    7.93525
0.158489 2.36469 0.00110305    6.95979
0.158489 2.55713 0.000964017    6.08253
0.158489 2.76524 0.000839874    5.29925
0.158489 2.99028 0.000729731    4.60429
0.158489 3.23364 0.00063255    3.99112
0.158489 3.4968 0.00054721    3.45266
0.158489 3.78138 0.000472573    2.98173
0.158489 4.08911 0.00040752    2.57127
0.158489 4.4219 0.000350984    2.21456
0.158489 4.78176 0.000301972    1.90532
0.158489 5.17092 0.000259571    1.63778
0.158489 5.59174 0.000222952    1.40673
0.158489 6.04681 0.000191375     1.2075
0.158489 6.53891 0.000164179     1.0359
0.158489 7.07107 0.000140782   0.888274
0.158489 7.64653 0.00012067   0.761379
0.158489 8.26882 0.000103397   0.652389
0.158489 8.94176 8.85698e-05   0.558838
0.158489 9.66947 7.58502e-05   0.478583
0.158489 10.4564 6.49436e-05   0.409766
0.158489 11.3074 5.55952e-05   0.350782
0.158489 12.2276 4.75851e-05   0.300242
0.158489 13.2227 4.07237e-05   0.256949
0.158489 14.2988 3.48478e-05   0.219875
0.158489 15.4625 2.98168e-05   0.188132
0.158489 16.7209 2.55101e-05   0.160958
0.158489 18.0816 2.18239e-05     0.1377
0.158489 19.5532 1.86692e-05   0.117795
0.158489 21.1445 1.59698e-05   0.100762
0.158489 22.8653  1.366e-05  0.0861889
0.158489 24.7261 1.16839e-05  0.0737205
0.158489 26.7384 9.99335e-06  0.0630538
0.158489 28.9144 8.54717e-06   0.053929
0.158489 31.2675 7.3101e-06  0.0461236
0.158489 33.8122 6.25195e-06  0.0394471
0.158489 36.5639 5.34688e-06  0.0337365
0.158489 39.5396 4.57277e-06  0.0288522
0.158489 42.7574 3.91068e-06  0.0246747
0.158489 46.2371 3.34442e-06  0.0211019
0.18197     1 0.00578157    31.7721
0.18197 1.08138  0.0032469     17.843
0.18197 1.16939 0.00275618    15.1463
0.18197 1.26456 0.00244279    13.4241
0.18197 1.36747  0.0021926    12.0492
0.18197 1.47876 0.00197225    10.8383
0.18197 1.5991 0.00176991    9.72637
0.18197 1.72924 0.00158156    8.69134
0.18197 1.86997 0.00140629    7.72812
0.18197 2.02216 0.00124422    6.83748
0.18197 2.18672 0.00109568    6.02119
0.18197 2.36469 0.00096079    5.27993
0.18197 2.55713 0.000839365    4.61266
0.18197 2.76524 0.000730914    4.01667
0.18197 2.99028 0.000634708    3.48798
0.18197 3.23364 0.000549862    3.02172
0.18197 3.4968 0.000475404    2.61254
0.18197 3.78138 0.000410332    2.25494
0.18197 4.08911 0.000353662    1.94352
0.18197 4.4219 0.000304451    1.67308
0.18197 4.78176 0.000261822    1.43882
0.18197 5.17092 0.000224969     1.2363
0.18197 5.59174 0.000193163    1.06151
0.18197 6.04681 0.000165753   0.910882
0.18197 6.53891 0.000142159   0.781223
0.18197 7.07107 0.00012187   0.669727
0.18197 7.64653 0.000104438   0.573931
0.18197 8.26882 8.94716e-05   0.491683
0.18197 8.94176 7.66293e-05   0.421109
0.18197 9.66947 6.56154e-05   0.360583
0.18197 10.4564 5.61737e-05   0.308697
0.18197 11.3074 4.80827e-05   0.264234
0.18197 12.2276 4.11513e-05   0.226143
0.18197 13.2227 3.52149e-05    0.19352
0.18197 14.2988 3.01319e-05   0.165587
0.18197 15.4625 2.57803e-05   0.141673
0.18197 16.7209 2.20555e-05   0.121204
0.18197 18.0816 1.88677e-05   0.103686
0.18197 19.5532 1.61398e-05  0.0886946
0.18197 21.1445 1.38056e-05  0.0758675
0.18197 22.8653 1.18086e-05  0.0648929
0.18197 24.7261 1.01001e-05   0.055504
0.18197 26.7384 8.63851e-06  0.0474721
0.18197 28.9144 7.38827e-06  0.0406016
0.18197 31.2675 6.31884e-06  0.0347246
0.18197 33.8122 5.40411e-06  0.0296978
0.18197 36.5639 4.62173e-06  0.0253983
0.18197 39.5396 3.95257e-06   0.021721
0.18197 42.7574 3.38025e-06  0.0185759
0.18197 46.2371 2.89078e-06   0.015886
0.20893     1 0.00497969    23.8343
0.20893 1.08138 0.00279752    13.3898
0.20893 1.16939 0.00238179    11.3999
0.20893 1.26456 0.00211748    10.1349
0.20893 1.36747 0.00190564    9.12097
0.20893 1.47876 0.00171751     8.2205
0.20893 1.5991 0.00154319    7.38617
0.20893 1.72924 0.00137969    6.60362
0.20893 1.86997 0.00122668    5.87127
0.20893 2.02216  0.0010847     5.1917
0.20893 2.18672 0.000954329     4.5677
0.20893 2.36469 0.00083588    4.00077
0.20893 2.55713 0.000729305    3.49067
0.20893 2.76524 0.000634224    3.03559
0.20893 2.99028 0.000550011    2.63252
0.20893 3.23364 0.000475874    2.27768
0.20893 3.4968 0.000410936    1.96686
0.20893 3.78138 0.000354291    1.69574
0.20893 4.08911 0.000305048    1.46005
0.20893 4.4219 0.000262359    1.25573
0.20893 4.78176 0.000225437    1.07901
0.20893 5.17092 0.000193564   0.926455
0.20893 5.59174 0.000166091   0.794961
0.20893 6.04681 0.000142442   0.681768
0.20893 6.53891 0.000122105   0.584432
0.20893 7.07107 0.000104633   0.500806
0.20893 7.64653 8.96331e-05   0.429011
0.20893 8.26882 7.67631e-05   0.367411
0.20893 8.94176 6.57264e-05   0.314586
0.20893 9.66947 5.62659e-05   0.269306
0.20893 10.4564 4.81595e-05   0.230506
0.20893 11.3074 4.12153e-05   0.197269
0.20893 12.2276 3.52685e-05   0.168806
0.20893 13.2227 3.01767e-05   0.144435
0.20893 14.2988 2.58179e-05   0.123572
0.20893 15.4625 2.20872e-05   0.105716
0.20893 16.7209 1.88944e-05  0.0904342
0.20893 18.0816 1.61623e-05  0.0773577
0.20893 19.5532 1.38247e-05  0.0661691
0.20893 21.1445 1.18247e-05  0.0565966
0.20893 22.8653 1.01138e-05  0.0484075
0.20893 24.7261 8.65013e-06  0.0414021
0.20893 26.7384 7.39814e-06  0.0354097
0.20893 28.9144 6.32723e-06   0.030284
0.20893 31.2675 5.41126e-06  0.0258999
0.20893 33.8122 4.62781e-06  0.0221501
0.20893 36.5639 3.95775e-06   0.018943
0.20893 39.5396 3.38467e-06  0.0162001
0.20893 42.7574 2.89455e-06  0.0138542
0.20893 46.2371 2.47538e-06  0.0118479
0.239883     1 1.06183e-06 0.00442643
0.239883 1.08138 5.9462e-07 0.00247879
0.239883 1.16939 4.97226e-07 0.00207278
0.239883 1.26456 4.33648e-07 0.00180775
0.239883 1.36747 3.83491e-07 0.00159866
0.239883 1.47876 3.40623e-07 0.00141995
0.239883 1.5991 3.02619e-07 0.00126153
0.239883 1.72924 2.68393e-07 0.00111885
0.239883 1.86997 2.37405e-07 0.00098967
0.239883 2.02216 2.09358e-07 0.000872748
0.239883 2.18672 1.84047e-07 0.000767236
0.239883 2.36469 1.61305e-07 0.000672432
0.239883 2.55713 1.40969e-07 0.000587658
0.239883 2.76524 1.22873e-07 0.000512219
0.239883 2.99028 1.06844e-07 0.000445398
0.239883 3.23364 9.27064e-08 0.000386465
0.239883 3.4968 8.02866e-08 0.00033469
0.239883 3.78138 6.94136e-08 0.000289364
0.239883 4.08911 5.99244e-08 0.000249806
0.239883 4.4219 5.16655e-08 0.000215378
0.239883 4.78176 4.44947e-08 0.000185485
0.239883 5.17092 3.82816e-08 0.000159584
0.239883 5.59174 3.29081e-08 0.000137184
0.239883 6.04681 2.82681e-08 0.000117841
0.239883 6.53891 2.42669e-08 0.000101161
0.239883 7.07107 2.08207e-08 8.6795e-05
0.239883 7.64653 1.78554e-08 7.44339e-05
0.239883 8.26882 1.53063e-08 6.38073e-05
0.239883 8.94176 1.31165e-08 5.46789e-05
0.239883 9.66947 1.12367e-08 4.68423e-05
0.239883 10.4564 9.62378e-09 4.01186e-05
0.239883 11.3074 8.24057e-09 3.43524e-05
0.239883 12.2276 7.05483e-09 2.94094e-05
0.239883 13.2227 6.03874e-09 2.51736e-05
0.239883 14.2988 5.16827e-09 2.15449e-05
0.239883 15.4625 4.42275e-09 1.84371e-05
0.239883 16.7209 3.78439e-09 1.5776e-05
0.239883 18.0816 3.23788e-09 1.34977e-05
0.239883 19.5532 2.77009e-09 1.15477e-05
0.239883 21.1445 2.36973e-09 9.87869e-06
0.239883 22.8653 2.02713e-09 8.45048e-06
0.239883 24.7261 1.73397e-09 7.2284e-06
0.239883 26.7384 1.48315e-09 6.18282e-06
0.239883 28.9144 1.26857e-09 5.28829e-06
0.239883 31.2675 1.08501e-09 4.52305e-06
0.239883 33.8122 9.27977e-10 3.86845e-06
0.239883 36.5639 7.93658e-10 3.30852e-06
0.239883 39.5396 6.78768e-10 2.82958e-06
0.239883 42.7574 5.80501e-10 2.41993e-06
0.239883 46.2371 4.96454e-10 2.06956e-06
0.275423     1 1.09473e-07 0.000397471
0.275423 1.08138 8.6316e-08 0.000313394
0.275423 1.16939 7.90976e-08 0.000287186
0.275423 1.26456 7.28004e-08 0.000264322
0.275423 1.36747 6.6701e-08 0.000242177
0.275423 1.47876 6.07108e-08 0.000220428
0.275423 1.5991 5.48788e-08 0.000199253
0.275423 1.72924 4.92808e-08 0.000178928
0.275423 1.86997 4.39857e-08 0.000159703
0.275423 2.02216 3.90448e-08 0.000141763
0.275423 2.18672 3.44897e-08 0.000125224
0.275423 2.36469 3.03345e-08 0.000110138
0.275423 2.55713 2.65787e-08 9.65016e-05
0.275423 2.76524 2.32107e-08 8.4273e-05
0.275423 2.99028 2.02109e-08 7.33813e-05
0.275423 3.23364 1.75546e-08 6.37368e-05
0.275423 3.4968 1.52142e-08 5.52394e-05
0.275423 3.78138 1.3161e-08 4.77848e-05
0.275423 4.08911 1.13664e-08 4.1269e-05
0.275423 4.4219 9.8028e-09 3.55918e-05
0.275423 4.78176 8.44406e-09 3.06585e-05
0.275423 5.17092 7.26612e-09 2.63817e-05
0.275423 5.59174 6.24692e-09 2.26812e-05
0.275423 6.04681 5.36657e-09 1.94848e-05
0.275423 6.53891 4.60725e-09 1.67279e-05
0.275423 7.07107 3.95314e-09 1.4353e-05
0.275423 7.64653 3.39026e-09 1.23093e-05
0.275423 8.26882 2.90632e-09 1.05522e-05
0.275423 8.94176 2.49058e-09 9.04275e-06
0.275423 9.66947 2.13366e-09 7.74685e-06
0.275423 10.4564 1.82741e-09 6.63493e-06
0.275423 11.3074 1.56477e-09 5.68135e-06
0.275423 12.2276 1.33962e-09 4.86388e-06
0.275423 13.2227 1.14669e-09 4.16336e-06
0.275423 14.2988 9.81396e-10 3.56323e-06
0.275423 15.4625 8.39833e-10 3.04925e-06
0.275423 16.7209 7.18616e-10 2.60914e-06
0.275423 18.0816 6.14841e-10 2.23235e-06
0.275423 19.5532 5.26012e-10 1.90984e-06
0.275423 21.1445 4.49989e-10 1.63381e-06
0.275423 22.8653 3.84931e-10 1.3976e-06
0.275423 24.7261 3.29264e-10 1.19549e-06
0.275423 26.7384 2.81636e-10 1.02256e-06
0.275423 28.9144 2.4089e-10 8.74617e-07
0.275423 31.2675 2.06032e-10 7.48057e-07
0.275423 33.8122 1.76214e-10 6.39794e-07
0.275423 36.5639 1.50708e-10 5.47188e-07
0.275423 39.5396 1.28892e-10 4.67977e-07
0.275423 42.7574 1.10232e-10 4.00227e-07
0.275423 46.2371 9.42717e-11 3.4228e-07
0.316228     1 3.39394e-08 0.000107326
0.316228 1.08138 2.91812e-08 9.2279e-05
0.316228 1.16939 2.75523e-08 8.71282e-05
0.316228 1.26456 2.5852e-08 8.17512e-05
0.316228 1.36747 2.40058e-08 7.5913e-05
0.316228 1.47876 2.20611e-08 6.97634e-05
0.316228 1.5991 2.00819e-08 6.35047e-05
0.316228 1.72924 1.81262e-08 5.73199e-05
0.316228 1.86997 1.62396e-08 5.13542e-05
0.316228 2.02216 1.44555e-08 4.57122e-05
0.316228 2.18672 1.27952e-08 4.04619e-05
0.316228 2.36469 1.12706e-08 3.56409e-05
0.316228 2.55713 9.88617e-09 3.12628e-05
0.316228 2.76524 8.64046e-09 2.73235e-05
0.316228 2.99028 7.52827e-09 2.38065e-05
0.316228 3.23364 6.54172e-09 2.06867e-05
0.316228 3.4968 5.67142e-09 1.79346e-05
0.316228 3.78138 4.90722e-09 1.5518e-05
0.316228 4.08911 4.23883e-09 1.34044e-05
0.316228 4.4219 3.65618e-09 1.15619e-05
0.316228 4.78176 3.1497e-09 9.96024e-06
0.316228 5.17092 2.71051e-09 8.57138e-06
0.316228 5.59174 2.33043e-09 7.36947e-06
0.316228 6.04681 2.00209e-09 6.33116e-06
0.316228 6.53891 1.71886e-09 5.43551e-06
0.316228 7.07107 1.47486e-09 4.6639e-06
0.316228 7.64653 1.26487e-09 3.99987e-06
0.316228 8.26882 1.08433e-09 3.42895e-06
0.316228 8.94176 9.29227e-10 2.93847e-06
0.316228 9.66947 7.96065e-10 2.51738e-06
0.316228 10.4564 6.81808e-10 2.15607e-06
0.316228 11.3074 5.83819e-10 1.8462e-06
0.316228 12.2276 4.99817e-10 1.58056e-06
0.316228 13.2227 4.27831e-10 1.35292e-06
0.316228 14.2988 3.66162e-10 1.15791e-06
0.316228 15.4625 3.13345e-10 9.90883e-07
0.316228 16.7209 2.68118e-10 8.47865e-07
0.316228 18.0816  2.294e-10 7.25425e-07
0.316228 19.5532 1.96257e-10 6.20621e-07
0.316228 21.1445 1.67893e-10 5.30923e-07
0.316228 22.8653 1.4362e-10 4.54165e-07
0.316228 24.7261 1.2285e-10 3.88486e-07
0.316228 26.7384 1.0508e-10 3.32292e-07
0.316228 28.9144 8.9877e-11 2.84216e-07
0.316228 31.2675 7.68714e-11 2.43089e-07
0.316228 33.8122 6.57462e-11 2.07908e-07
0.316228 36.5639 5.62298e-11 1.77814e-07
0.316228 39.5396  4.809e-11 1.52074e-07
0.316228 42.7574 4.11279e-11 1.30058e-07
0.316228 46.2371 3.51732e-11 1.11227e-07
0.363078     1 2.01208e-08 5.54173e-05
0.363078 1.08138 1.75168e-08 4.82453e-05
0.363078 1.16939 1.66154e-08 4.57625e-05
0.363078 1.26456 1.56377e-08 4.30697e-05
0.363078 1.36747 1.45524e-08 4.00808e-05
0.363078 1.47876 1.33947e-08 3.6892e-05
0.363078 1.5991 1.22071e-08 3.36212e-05
0.363078 1.72924 1.10277e-08 3.03728e-05
0.363078 1.86997 9.8862e-09 2.72289e-05
0.363078 2.02216 8.80417e-09 2.42487e-05
0.363078 2.18672 7.79566e-09 2.1471e-05
0.363078 2.36469 6.86856e-09 1.89176e-05
0.363078 2.55713 6.02596e-09 1.65969e-05
0.363078 2.76524 5.26739e-09 1.45076e-05
0.363078 2.99028 4.58984e-09 1.26415e-05
0.363078 3.23364 3.98866e-09 1.09857e-05
0.363078 3.4968 3.45821e-09 9.52469e-06
0.363078 3.78138 2.99235e-09 8.24162e-06
0.363078 4.08911 2.58485e-09 7.11928e-06
0.363078 4.4219 2.2296e-09 6.14083e-06
0.363078 4.78176 1.92077e-09 5.29025e-06
0.363078 5.17092 1.65296e-09 4.55263e-06
0.363078 5.59174 1.42119e-09 3.91427e-06
0.363078 6.04681 1.22096e-09 3.3628e-06
0.363078 6.53891 1.04824e-09 2.88709e-06
0.363078 7.07107 8.99437e-10 2.47726e-06
0.363078 7.64653 7.71381e-10 2.12456e-06
0.363078 8.26882 6.61279e-10 1.82131e-06
0.363078 8.94176 5.6669e-10 1.56079e-06
0.363078 9.66947 4.85482e-10 1.33713e-06
0.363078 10.4564 4.15802e-10 1.14521e-06
0.363078 11.3074 3.56043e-10 9.80625e-07
0.363078 12.2276 3.04815e-10 8.3953e-07
0.363078 13.2227 2.60914e-10 7.18618e-07
0.363078 14.2988 2.23305e-10 6.15033e-07
0.363078 15.4625 1.91094e-10 5.26317e-07
0.363078 16.7209 1.63513e-10 4.50352e-07
0.363078 18.0816  1.399e-10 3.85317e-07
0.363078 19.5532 1.19688e-10 3.29649e-07
0.363078 21.1445 1.0239e-10 2.82005e-07
0.363078 22.8653 8.75869e-11 2.41234e-07
0.363078 24.7261 7.49205e-11 2.06348e-07
0.363078 26.7384 6.40833e-11  1.765e-07
0.363078 28.9144 5.48118e-11 1.50964e-07
0.363078 31.2675 4.68803e-11 1.29119e-07
0.363078 33.8122 4.00955e-11 1.10432e-07
0.363078 36.5639 3.42919e-11 9.44479e-08
0.363078 39.5396 2.93279e-11 8.07756e-08
0.363078 42.7574 2.5082e-11 6.90815e-08
0.363078 46.2371 2.14505e-11 5.90796e-08
0.416869     1 1.28804e-08 3.0898e-05
0.416869 1.08138 1.13725e-08 2.72807e-05
0.416869 1.16939 1.08436e-08 2.6012e-05
0.416869 1.26456 1.02409e-08 2.45663e-05
0.416869 1.36747 9.55369e-09 2.29177e-05
0.416869 1.47876 8.80938e-09 2.11322e-05
0.416869 1.5991 8.03894e-09 1.92841e-05
0.416869 1.72924 7.26929e-09 1.74378e-05
0.416869 1.86997 6.52153e-09 1.56441e-05
0.416869 2.02216 5.81085e-09 1.39393e-05
0.416869 2.18672 5.14724e-09 1.23474e-05
0.416869 2.36469 4.53642e-09 1.08821e-05
0.416869 2.55713 3.98077e-09 9.5492e-06
0.416869 2.76524 3.48021e-09 8.34843e-06
0.416869 2.99028 3.0329e-09 7.27541e-06
0.416869 3.23364 2.63587e-09 6.32301e-06
0.416869 3.4968 2.28547e-09 5.48246e-06
0.416869 3.78138 1.97768e-09 4.74413e-06
0.416869 4.08911 1.70842e-09 4.09822e-06
0.416869 4.4219 1.47366e-09 3.53506e-06
0.416869 4.78176 1.26956e-09 3.04547e-06
0.416869 5.17092 1.09256e-09 2.62087e-06
0.416869 5.59174 9.39375e-10 2.2534e-06
0.416869 6.04681 8.07034e-10 1.93594e-06
0.416869 6.53891 6.92873e-10 1.66209e-06
0.416869 7.07107 5.94519e-10 1.42615e-06
0.416869 7.64653 5.09876e-10 1.22311e-06
0.416869 8.26882 4.37101e-10 1.04853e-06
0.416869 8.94176 3.74579e-10 8.98552e-07
0.416869 9.66947 3.20901e-10 7.69788e-07
0.416869 10.4564 2.74843e-10 6.59303e-07
0.416869 11.3074 2.35343e-10 5.64549e-07
0.416869 12.2276 2.01481e-10 4.8332e-07
0.416869 13.2227 1.72463e-10 4.13711e-07
0.416869 14.2988 1.47604e-10 3.54077e-07
0.416869 15.4625 1.26313e-10 3.03003e-07
0.416869 16.7209 1.08081e-10 2.59269e-07
0.416869 18.0816 9.24735e-11 2.21828e-07
0.416869 19.5532 7.91136e-11 1.8978e-07
0.416869 21.1445 6.76794e-11 1.62352e-07
0.416869 22.8653 5.78947e-11 1.3888e-07
0.416869 24.7261 4.95222e-11 1.18796e-07
0.416869 26.7384 4.23589e-11 1.01612e-07
0.416869 28.9144 3.62304e-11 8.69107e-08
0.416869 31.2675 3.09877e-11 7.43344e-08
0.416869 33.8122 2.6503e-11 6.35763e-08
0.416869 36.5639 2.26669e-11 5.4374e-08
0.416869 39.5396 1.93856e-11 4.65029e-08
0.416869 42.7574 1.65791e-11 3.97705e-08
0.416869 46.2371 1.41787e-11 3.40124e-08
0.47863     1 8.39048e-09 1.75302e-05
0.47863 1.08138 7.51592e-09 1.5703e-05
0.47863 1.16939 7.20604e-09 1.50556e-05
0.47863 1.26456 6.83087e-09 1.42717e-05
0.47863 1.36747 6.3895e-09 1.33496e-05
0.47863 1.47876 5.90323e-09 1.23336e-05
0.47863 1.5991 5.39473e-09 1.12712e-05
0.47863 1.72924 4.88346e-09 1.0203e-05
0.47863 1.86997 4.3846e-09 9.16073e-06
0.47863 2.02216 3.90908e-09 8.16724e-06
0.47863 2.18672 3.46417e-09 7.23767e-06
0.47863 2.36469 3.05406e-09 6.38083e-06
0.47863 2.55713 2.68061e-09 5.6006e-06
0.47863 2.76524 2.34395e-09 4.8972e-06
0.47863 2.99028 2.04295e-09 4.26832e-06
0.47863 3.23364 1.77568e-09 3.70992e-06
0.47863 3.4968 1.53973e-09 3.21696e-06
0.47863 3.78138 1.33245e-09 2.78388e-06
0.47863 4.08911 1.15108e-09 2.40494e-06
0.47863 4.4219 9.92929e-10 2.07452e-06
0.47863 4.78176 8.55429e-10 1.78725e-06
0.47863 5.17092 7.36177e-10 1.53809e-06
0.47863 5.59174 6.32966e-10 1.32245e-06
0.47863 6.04681 5.43797e-10 1.13615e-06
0.47863 6.53891 4.66875e-10 9.75441e-07
0.47863 7.07107 4.00604e-10 8.3698e-07
0.47863 7.64653 3.4357e-10 7.1782e-07
0.47863 8.26882 2.94533e-10 6.15366e-07
0.47863 8.94176 2.52404e-10 5.27346e-07
0.47863 9.66947 2.16234e-10 4.51777e-07
0.47863 10.4564 1.85199e-10 3.86935e-07
0.47863 11.3074 1.58583e-10 3.31326e-07
0.47863 12.2276 1.35765e-10 2.83654e-07
0.47863 13.2227 1.16212e-10 2.42801e-07
0.47863 14.2988 9.94608e-11 2.07803e-07
0.47863 15.4625 8.5114e-11 1.77828e-07
0.47863 16.7209 7.28292e-11 1.52162e-07
0.47863 18.0816 6.2312e-11 1.30188e-07
0.47863 19.5532 5.33096e-11 1.11379e-07
0.47863 21.1445 4.56048e-11 9.5282e-08
0.47863 22.8653 3.90115e-11 8.15066e-08
0.47863 24.7261 3.33699e-11 6.97195e-08
0.47863 26.7384 2.85429e-11 5.96346e-08
0.47863 28.9144 2.44134e-11 5.10068e-08
0.47863 31.2675 2.08807e-11 4.36259e-08
0.47863 33.8122 1.78587e-11 3.73121e-08
0.47863 36.5639 1.52738e-11 3.19114e-08
0.47863 39.5396 1.30627e-11 2.72919e-08
0.47863 42.7574 1.11716e-11 2.33408e-08
0.47863 46.2371 9.55413e-12 1.99614e-08
0.549541     1 6.15354e-09 1.11976e-05
0.549541 1.08138 5.5142e-09 1.00342e-05
0.549541 1.16939 5.28908e-09 9.62454e-06
0.549541 1.26456 5.0155e-09 9.12671e-06
0.549541 1.36747 4.69277e-09 8.53945e-06
0.549541 1.47876 4.33662e-09 7.89135e-06
0.549541 1.5991 3.96377e-09 7.21288e-06
0.549541 1.72924 3.58861e-09 6.53019e-06
0.549541 1.86997 3.22235e-09 5.86371e-06
0.549541 2.02216 2.87311e-09 5.22819e-06
0.549541 2.18672 2.54625e-09 4.63341e-06
0.549541 2.36469 2.24491e-09 4.08506e-06
0.549541 2.55713 1.97047e-09 3.58566e-06
0.549541 2.76524 1.72303e-09 3.13541e-06
0.549541 2.99028 1.50179e-09 2.73281e-06
0.549541 3.23364 1.30534e-09 2.37533e-06
0.549541 3.4968 1.1319e-09 2.05972e-06
0.549541 3.78138 9.79527e-10 1.78245e-06
0.549541 4.08911  8.462e-10 1.53983e-06
0.549541 4.4219 7.29942e-10 1.32828e-06
0.549541 4.78176 6.28862e-10 1.14434e-06
0.549541 5.17092 5.41196e-10 9.84815e-07
0.549541 5.59174 4.65322e-10 8.46747e-07
0.549541 6.04681 3.9977e-10 7.27462e-07
0.549541 6.53891 3.43222e-10 6.24561e-07
0.549541 7.07107 2.94503e-10 5.35907e-07
0.549541 7.64653 2.52575e-10 4.5961e-07
0.549541 8.26882 2.16525e-10 3.94011e-07
0.549541 8.94176 1.85554e-10 3.37653e-07
0.549541 9.66947 1.58964e-10 2.89267e-07
0.549541 10.4564 1.36149e-10 2.4775e-07
0.549541 11.3074 1.16582e-10 2.12144e-07
0.549541 12.2276 9.98076e-11 1.8162e-07
0.549541 13.2227 8.5433e-11 1.55462e-07
0.549541 14.2988 7.31184e-11 1.33054e-07
0.549541 15.4625 6.25714e-11 1.13861e-07
0.549541 16.7209 5.35402e-11 9.74272e-08
0.549541 18.0816 4.58085e-11 8.33578e-08
0.549541 19.5532 3.91904e-11 7.13148e-08
0.549541 21.1445 3.35263e-11 6.10078e-08
0.549541 22.8653 2.86792e-11 5.21876e-08
0.549541 24.7261 2.45318e-11 4.46405e-08
0.549541 26.7384 2.09833e-11 3.81833e-08
0.549541 28.9144 1.79474e-11 3.2659e-08
0.549541 31.2675 1.53504e-11 2.79331e-08
0.549541 33.8122 1.31288e-11 2.38905e-08
0.549541 36.5639 1.12285e-11 2.04325e-08
0.549541 39.5396 9.60304e-12 1.74747e-08
0.549541 42.7574 8.21278e-12 1.49448e-08
0.549541 46.2371 7.0237e-12 1.2781e-08
0.630957     1 4.34747e-09 6.89028e-06
0.630957 1.08138 3.88615e-09 6.15913e-06
0.630957 1.16939 3.72583e-09 5.90505e-06
0.630957 1.26456 3.53249e-09 5.59863e-06
0.630957 1.36747 3.30497e-09 5.23803e-06
0.630957 1.47876 3.05408e-09 4.84039e-06
0.630957 1.5991 2.7915e-09 4.42423e-06
0.630957 1.72924 2.52731e-09 4.00552e-06
0.630957 1.86997 2.2694e-09 3.59675e-06
0.630957 2.02216 2.02346e-09 3.20696e-06
0.630957 2.18672 1.79328e-09 2.84215e-06
0.630957 2.36469 1.58106e-09 2.50581e-06
0.630957 2.55713 1.38778e-09 2.19949e-06
0.630957 2.76524 1.21352e-09 1.9233e-06
0.630957 2.99028 1.05771e-09 1.67635e-06
0.630957 3.23364 9.19349e-10 1.45707e-06
0.630957 3.4968 7.97199e-10 1.26347e-06
0.630957 3.78138 6.89881e-10 1.09339e-06
0.630957 4.08911 5.9598e-10 9.44564e-07
0.630957 4.4219 5.14099e-10 8.14793e-07
0.630957 4.78176 4.42909e-10 7.01964e-07
0.630957 5.17092 3.81166e-10 6.04107e-07
0.630957 5.59174 3.27728e-10 5.19413e-07
0.630957 6.04681 2.81559e-10 4.46241e-07
0.630957 6.53891 2.41732e-10 3.8312e-07
0.630957 7.07107 2.07419e-10 3.28737e-07
0.630957 7.64653 1.77889e-10 2.81935e-07
0.630957 8.26882 1.52499e-10 2.41695e-07
0.630957 8.94176 1.30686e-10 2.07124e-07
0.630957 9.66947 1.11959e-10 1.77443e-07
0.630957 10.4564 9.58899e-11 1.51975e-07
0.630957 11.3074 8.21088e-11 1.30134e-07
0.630957 12.2276 7.02948e-11 1.1141e-07
0.630957 13.2227 6.01708e-11 9.53642e-08
0.630957 14.2988 5.14975e-11 8.16181e-08
0.630957 15.4625 4.40692e-11 6.9845e-08
0.630957 16.7209 3.77086e-11 5.9764e-08
0.630957 18.0816 3.22631e-11 5.11336e-08
0.630957 19.5532 2.7602e-11 4.37461e-08
0.630957 21.1445 2.36127e-11 3.74236e-08
0.630957 22.8653 2.01989e-11 3.20131e-08
0.630957 24.7261 1.72778e-11 2.73835e-08
0.630957 26.7384 1.47786e-11 2.34225e-08
0.630957 28.9144 1.26404e-11 2.00338e-08
0.630957 31.2675 1.08113e-11 1.71348e-08
0.630957 33.8122 9.24665e-12 1.4655e-08
0.630957 36.5639 7.90825e-12 1.25337e-08
0.630957 39.5396 6.76346e-12 1.07194e-08
0.630957 42.7574 5.78429e-12 9.16749e-09
0.630957 46.2371 4.94682e-12 7.84018e-09
0.724436     1 2.9173e-09 4.02699e-06
0.724436 1.08138 2.57288e-09 3.55156e-06
0.724436 1.16939  2.457e-09 3.39161e-06
0.724436 1.26456 2.32398e-09 3.20799e-06
0.724436 1.36747 2.17089e-09 2.99666e-06
0.724436 1.47876 2.00392e-09 2.76617e-06
0.724436 1.5991 1.83022e-09 2.52641e-06
0.724436 1.72924 1.6561e-09 2.28605e-06
0.724436 1.86997 1.4865e-09 2.05194e-06
0.724436 2.02216 1.32502e-09 1.82904e-06
0.724436 2.18672 1.17404e-09 1.62063e-06
0.724436 2.36469 1.03495e-09 1.42862e-06
0.724436 2.55713 9.08328e-10 1.25384e-06
0.724436 2.76524 7.94205e-10 1.09631e-06
0.724436 2.99028 6.92188e-10 9.55486e-07
0.724436 3.23364 6.01616e-10 8.30461e-07
0.724436 3.4968 5.21665e-10 7.20098e-07
0.724436 3.78138 4.51428e-10 6.23145e-07
0.724436 4.08911 3.89976e-10 5.38317e-07
0.724436 4.4219 3.36394e-10 4.64353e-07
0.724436 4.78176 2.89809e-10 4.00048e-07
0.724436 5.17092 2.49407e-10 3.44277e-07
0.724436 5.59174 2.1444e-10 2.96009e-07
0.724436 6.04681 1.8423e-10 2.54308e-07
0.724436 6.53891 1.5817e-10 2.18335e-07
0.724436 7.07107 1.35718e-10 1.87343e-07
0.724436 7.64653 1.16396e-10 1.60671e-07
0.724436 8.26882 9.97826e-11 1.37738e-07
0.724436 8.94176  8.551e-11 1.18037e-07
0.724436 9.66947 7.32563e-11 1.01122e-07
0.724436 10.4564 6.27421e-11 8.66083e-08
0.724436 11.3074 5.3725e-11 7.41611e-08
0.724436 12.2276 4.59949e-11 6.34906e-08
0.724436 13.2227 3.93706e-11 5.43465e-08
0.724436 14.2988 3.36956e-11 4.65128e-08
0.724436 15.4625 2.88351e-11 3.98035e-08
0.724436 16.7209 2.46732e-11 3.40585e-08
0.724436 18.0816 2.11102e-11 2.91402e-08
0.724436 19.5532 1.80603e-11 2.49302e-08
0.724436 21.1445 1.54501e-11 2.13271e-08
0.724436 22.8653 1.32164e-11 1.82437e-08
0.724436 24.7261 1.13051e-11 1.56054e-08
0.724436 26.7384 9.66983e-12 1.33481e-08
0.724436 28.9144 8.27081e-12 1.14169e-08
0.724436 31.2675 7.07399e-12 9.76483e-09
0.724436 33.8122 6.05021e-12 8.35161e-09
0.724436 36.5639 5.17448e-12 7.14277e-09
0.724436 39.5396 4.42542e-12 6.10878e-09
0.724436 42.7574 3.78474e-12 5.2244e-09
0.724436 46.2371 3.23677e-12 4.46799e-09
0.831764     1 1.63774e-09 1.96899e-06
0.831764 1.08138 1.38469e-09 1.66476e-06
0.831764 1.16939 1.30486e-09 1.56879e-06
0.831764 1.26456 1.22403e-09 1.47161e-06
0.831764 1.36747 1.13694e-09 1.36691e-06
0.831764 1.47876 1.0453e-09 1.25673e-06
0.831764 1.5991 9.51949e-10 1.14449e-06
0.831764 1.72924 8.59577e-10 1.03344e-06
0.831764 1.86997 7.70366e-10 9.26183e-07
0.831764 2.02216 6.85908e-10 8.24643e-07
0.831764 2.18672 6.07251e-10 7.30076e-07
0.831764 2.36469 5.3498e-10 6.43188e-07
0.831764 2.55713 4.69319e-10 5.64246e-07
0.831764 2.76524 4.10219e-10 4.93191e-07
0.831764 2.99028 3.57439e-10 4.29736e-07
0.831764 3.23364 3.10613e-10 3.73439e-07
0.831764 3.4968  2.693e-10 3.23769e-07
0.831764 3.78138 2.33019e-10 2.8015e-07
0.831764 4.08911 2.01285e-10 2.41997e-07
0.831764 4.4219 1.73619e-10 2.08736e-07
0.831764 4.78176 1.4957e-10 1.79823e-07
0.831764 5.17092 1.28715e-10 1.5475e-07
0.831764 5.59174 1.10667e-10 1.33051e-07
0.831764 6.04681 9.5075e-11 1.14305e-07
0.831764 6.53891 8.16253e-11 9.81352e-08
0.831764 7.07107 7.00382e-11 8.42044e-08
0.831764 7.64653 6.00665e-11 7.22159e-08
0.831764 8.26882 5.1493e-11 6.19082e-08
0.831764 8.94176 4.41274e-11 5.30529e-08
0.831764 9.66947 3.78039e-11 4.54502e-08
0.831764 10.4564 3.2378e-11 3.89269e-08
0.831764 11.3074 2.77246e-11 3.33323e-08
0.831764 12.2276 2.37355e-11 2.85364e-08
0.831764 13.2227 2.03171e-11 2.44265e-08
0.831764 14.2988 1.73885e-11 2.09055e-08
0.831764 15.4625 1.48803e-11  1.789e-08
0.831764 16.7209 1.27325e-11 1.53079e-08
0.831764 18.0816 1.08938e-11 1.30973e-08
0.831764 19.5532 9.31997e-12 1.12051e-08
0.831764 21.1445 7.97297e-12 9.58562e-09
0.831764 22.8653 6.82027e-12 8.19977e-09
0.831764 24.7261 5.83396e-12 7.01396e-09
0.831764 26.7384 4.99008e-12 5.9994e-09
0.831764 28.9144 4.26812e-12 5.13141e-09
0.831764 31.2675 3.65051e-12 4.38887e-09
0.831764 33.8122 3.12219e-12 3.75369e-09
0.831764 36.5639 2.67027e-12 3.21037e-09
0.831764 39.5396 2.28372e-12 2.74564e-09
0.831764 42.7574 1.9531e-12 2.34814e-09
0.831764 46.2371 1.67032e-12 2.00817e-09
0.954993     1 3.66972e-10 3.84267e-07
0.954993 1.08138 2.81013e-10 2.94256e-07
0.954993 1.16939 2.56756e-10 2.68857e-07
0.954993 1.26456 2.36248e-10 2.47382e-07
0.954993 1.36747 2.16563e-10 2.26769e-07
0.954993 1.47876 1.97253e-10 2.06549e-07
0.954993 1.5991 1.78427e-10 1.86836e-07
0.954993 1.72924 1.60321e-10 1.67877e-07
0.954993 1.86997 1.43165e-10 1.49912e-07
0.954993 2.02216 1.27132e-10 1.33124e-07
0.954993 2.18672 1.12334e-10 1.17628e-07
0.954993 2.36469 9.88231e-11 1.03481e-07
0.954993 2.55713 8.66026e-11 9.0684e-08
0.954993 2.76524 7.56382e-11 7.92029e-08
0.954993 2.99028 6.58688e-11 6.89731e-08
0.954993 3.23364 5.72158e-11 5.99123e-08
0.954993 3.4968 4.95904e-11 5.19275e-08
0.954993 3.78138 4.28998e-11 4.49216e-08
0.954993 4.08911 3.70512e-11 3.87974e-08
0.954993 4.4219 3.19549e-11 3.34609e-08
0.954993 4.78176 2.75262e-11 2.88234e-08
0.954993 5.17092 2.36865e-11 2.48028e-08
0.954993 5.59174 2.03643e-11 2.1324e-08
0.954993 6.04681 1.74945e-11 1.8319e-08
0.954993 6.53891 1.50193e-11 1.57271e-08
0.954993 7.07107 1.2887e-11 1.34943e-08
0.954993 7.64653 1.10521e-11 1.15729e-08
0.954993 8.26882 9.47447e-12 9.92098e-09
0.954993 8.94176 8.11918e-12 8.50182e-09
0.954993 9.66947 6.95564e-12 7.28345e-09
0.954993 10.4564 5.95729e-12 6.23805e-09
0.954993 11.3074 5.1011e-12 5.34151e-09
0.954993 12.2276 4.36713e-12 4.57294e-09
0.954993 13.2227 3.73815e-12 3.91432e-09
0.954993 14.2988 3.19932e-12 3.3501e-09
0.954993 15.4625 2.73782e-12 2.86685e-09
0.954993 16.7209 2.34266e-12 2.45307e-09
0.954993 18.0816 2.00436e-12 2.09882e-09
0.954993 19.5532 1.71478e-12 1.7956e-09
0.954993 21.1445 1.46695e-12 1.53608e-09
0.954993 22.8653 1.25486e-12  1.314e-09
0.954993 24.7261 1.07339e-12 1.12398e-09
0.954993 26.7384 9.18125e-13 9.61395e-10
0.954993 28.9144 7.85292e-13 8.22302e-10
0.954993 31.2675 6.71657e-13 7.03311e-10
0.954993 33.8122 5.74451e-13 6.01524e-10
0.954993 36.5639 4.91303e-13 5.14457e-10
0.954993 39.5396 4.20182e-13 4.39985e-10
0.954993 42.7574 3.59351e-13 3.76287e-10
0.954993 46.2371 3.07323e-13 3.21806e-10
1.09648     1 1.16832e-09 1.06552e-06
1.09648 1.08138 8.03879e-10 7.33147e-07
1.09648 1.16939 7.08405e-10 6.46073e-07
1.09648 1.26456 6.36892e-10 5.80852e-07
1.09648 1.36747 5.74502e-10 5.23952e-07
1.09648 1.47876 5.17273e-10 4.71759e-07
1.09648 1.5991 4.63994e-10 4.23168e-07
1.09648 1.72924 4.14357e-10 3.77898e-07
1.09648 1.86997 3.68347e-10 3.35937e-07
1.09648 2.02216 3.2601e-10 2.97324e-07
1.09648 2.18672 2.87356e-10 2.62072e-07
1.09648 2.36469 2.52338e-10 2.30135e-07
1.09648 2.55713 2.2084e-10 2.01408e-07
1.09648 2.76524 1.92691e-10 1.75736e-07
1.09648 2.99028 1.67682e-10 1.52928e-07
1.09648 3.23364 1.45577e-10 1.32768e-07
1.09648 3.4968 1.26126e-10 1.15029e-07
1.09648 3.78138 1.09079e-10 9.94808e-08
1.09648 4.08911 9.41879e-11 8.59004e-08
1.09648 4.4219  8.122e-11 7.40736e-08
1.09648 4.78176 6.99556e-11 6.38003e-08
1.09648 5.17092 6.01925e-11 5.48962e-08
1.09648 5.59174 5.17468e-11 4.71936e-08
1.09648 6.04681 4.44526e-11 4.05413e-08
1.09648 6.53891 3.8162e-11 3.48041e-08
1.09648 7.07107 3.27433e-11 2.98622e-08
1.09648 7.64653 2.80806e-11 2.56098e-08
1.09648 8.26882 2.4072e-11 2.19539e-08
1.09648 8.94176 2.06284e-11 1.88133e-08
1.09648 9.66947 1.76721e-11 1.61171e-08
1.09648 10.4564 1.51355e-11 1.38038e-08
1.09648 11.3074 1.29602e-11 1.18198e-08
1.09648 12.2276 1.10954e-11 1.01191e-08
1.09648 13.2227 9.49733e-12 8.66167e-09
1.09648 14.2988 8.12833e-12 7.41313e-09
1.09648 15.4625 6.95584e-12 6.3438e-09
1.09648 16.7209 5.95186e-12 5.42816e-09
1.09648 18.0816 5.09236e-12 4.64428e-09
1.09648 19.5532 4.35664e-12 3.97331e-09
1.09648 21.1445 3.72698e-12 3.39905e-09
1.09648 22.8653 3.18815e-12 2.90763e-09
1.09648 24.7261 2.7271e-12 2.48714e-09
1.09648 26.7384 2.33262e-12 2.12738e-09
1.09648 28.9144 1.99514e-12 1.81959e-09
1.09648 31.2675 1.70644e-12 1.55629e-09
1.09648 33.8122 1.45947e-12 1.33105e-09
1.09648 36.5639 1.24822e-12 1.13839e-09
1.09648 39.5396 1.06753e-12 9.73599e-10
1.09648 42.7574 9.1298e-13 8.32648e-10
1.09648 46.2371 7.80795e-13 7.12093e-10
1.25893     1 1.68128e-09 1.33549e-06
1.25893 1.08138 1.26087e-09 1.00155e-06
1.25893 1.16939 1.13285e-09 8.99858e-07
1.25893 1.26456 1.02904e-09 8.17395e-07
1.25893 1.36747 9.34069e-10 7.41957e-07
1.25893 1.47876 8.44448e-10 6.70769e-07
1.25893 1.5991 7.5955e-10 6.03332e-07
1.25893 1.72924 6.79584e-10 5.39812e-07
1.25893 1.86997 6.04931e-10 4.80514e-07
1.25893 2.02216 5.35911e-10 4.25689e-07
1.25893 2.18672 4.72695e-10 3.75475e-07
1.25893 2.36469 4.15296e-10 3.29881e-07
1.25893 2.55713 3.63587e-10 2.88808e-07
1.25893 2.76524 3.17327e-10 2.52062e-07
1.25893 2.99028 2.76195e-10 2.1939e-07
1.25893 3.23364 2.39819e-10 1.90495e-07
1.25893 3.4968 2.07797e-10 1.65059e-07
1.25893 3.78138 1.79724e-10 1.4276e-07
1.25893 4.08911 1.55198e-10 1.23278e-07
1.25893 4.4219 1.33835e-10 1.06309e-07
1.25893 4.78176 1.15277e-10 9.15679e-08
1.25893 5.17092 9.9191e-11 7.87902e-08
1.25893 5.59174 8.52747e-11 6.77361e-08
1.25893 6.04681 7.32553e-11 5.81888e-08
1.25893 6.53891 6.28892e-11 4.99547e-08
1.25893 7.07107 5.39598e-11 4.28618e-08
1.25893 7.64653 4.62761e-11 3.67584e-08
1.25893 8.26882 3.96702e-11 3.15111e-08
1.25893 8.94176 3.39952e-11 2.70034e-08
1.25893 9.66947 2.91233e-11 2.31335e-08
1.25893 10.4564 2.49431e-11 1.9813e-08
1.25893 11.3074 2.13582e-11 1.69654e-08
1.25893 12.2276 1.82851e-11 1.45243e-08
1.25893 13.2227 1.56515e-11 1.24324e-08
1.25893 14.2988 1.33954e-11 1.06404e-08
1.25893 15.4625 1.14632e-11 9.10552e-09
1.25893 16.7209 9.80863e-12 7.79127e-09
1.25893 18.0816 8.39217e-12 6.66614e-09
1.25893 19.5532 7.17972e-12 5.70305e-09
1.25893 21.1445 6.14204e-12 4.8788e-09
1.25893 22.8653 5.25406e-12 4.17345e-09
1.25893 24.7261 4.49424e-12 3.5699e-09
1.25893 26.7384 3.84415e-12 3.05352e-09
1.25893 28.9144 3.28798e-12 2.61174e-09
1.25893 31.2675 2.8122e-12 2.23381e-09
1.25893 33.8122 2.4052e-12 1.91052e-09
1.25893 36.5639 2.05706e-12 1.63398e-09
1.25893 39.5396 1.75928e-12 1.39745e-09
1.25893 42.7574 1.50459e-12 1.19514e-09
1.25893 46.2371 1.28675e-12 1.0221e-09
1.44544     1 1.65324e-09 1.14376e-06
1.44544 1.08138 1.27998e-09 8.85531e-07
1.44544 1.16939 1.16034e-09 8.02759e-07
1.44544 1.26456 1.05954e-09 7.33023e-07
1.44544 1.36747 9.65045e-10 6.67648e-07
1.44544 1.47876 8.74493e-10 6.05002e-07
1.44544 1.5991 7.87868e-10 5.45071e-07
1.44544 1.72924 7.05746e-10 4.88257e-07
1.44544 1.86997 6.28751e-10 4.3499e-07
1.44544 2.02216 5.57355e-10 3.85595e-07
1.44544 2.18672 4.91829e-10 3.40263e-07
1.44544 2.36469 4.32249e-10 2.99043e-07
1.44544 2.55713 3.78519e-10 2.61871e-07
1.44544 2.76524 3.30418e-10 2.28593e-07
1.44544 2.99028 2.87626e-10 1.98988e-07
1.44544 3.23364 2.49767e-10 1.72797e-07
1.44544 3.4968 2.16433e-10 1.49735e-07
1.44544 3.78138 1.87202e-10 1.29512e-07
1.44544 4.08911 1.61661e-10 1.11842e-07
1.44544 4.4219 1.39413e-10 9.64504e-08
1.44544 4.78176 1.20084e-10 8.30777e-08
1.44544 5.17092 1.03329e-10 7.14859e-08
1.44544 5.59174 8.88326e-11 6.14572e-08
1.44544 6.04681 7.63124e-11 5.27953e-08
1.44544 6.53891 6.55141e-11 4.53247e-08
1.44544 7.07107 5.62122e-11 3.88894e-08
1.44544 7.64653 4.82079e-11 3.33517e-08
1.44544 8.26882 4.13263e-11 2.85908e-08
1.44544 8.94176 3.54145e-11 2.45009e-08
1.44544 9.66947 3.03392e-11 2.09896e-08
1.44544 10.4564 2.59846e-11 1.79769e-08
1.44544 11.3074  2.225e-11 1.53932e-08
1.44544 12.2276 1.90485e-11 1.31783e-08
1.44544 13.2227 1.6305e-11 1.12803e-08
1.44544 14.2988 1.39547e-11 9.65431e-09
1.44544 15.4625 1.19418e-11 8.2617e-09
1.44544 16.7209 1.02182e-11 7.06925e-09
1.44544 18.0816 8.74257e-12 6.04838e-09
1.44544 19.5532 7.4795e-12 5.17455e-09
1.44544 21.1445 6.3985e-12 4.42668e-09
1.44544 22.8653 5.47343e-12 3.78669e-09
1.44544 24.7261 4.68189e-12 3.23908e-09
1.44544 26.7384 4.00466e-12 2.77054e-09
1.44544 28.9144 3.42527e-12 2.36971e-09
1.44544 31.2675 2.92962e-12 2.0268e-09
1.44544 33.8122 2.50563e-12 1.73347e-09
1.44544 36.5639 2.14295e-12 1.48256e-09
1.44544 39.5396 1.83274e-12 1.26795e-09
1.44544 42.7574 1.56741e-12 1.08438e-09
1.44544 46.2371 1.34047e-12 9.2738e-10
1.65959     1 1.76305e-09 1.06234e-06
1.65959 1.08138 1.56844e-09 9.45076e-07
1.65959 1.16939 1.4837e-09 8.94018e-07
1.65959 1.26456 1.39016e-09 8.37652e-07
1.65959 1.36747 1.28803e-09 7.76112e-07
1.65959 1.47876 1.18108e-09 7.11668e-07
1.65959 1.5991 1.07304e-09 6.46573e-07
1.65959 1.72924 9.67002e-10 5.82677e-07
1.65959 1.86997 8.65268e-10 5.21376e-07
1.65959 2.02216 7.69452e-10 4.63641e-07
1.65959 2.18672 6.80566e-10 4.10082e-07
1.65959 2.36469 5.99137e-10 3.61016e-07
1.65959 2.55713 5.25316e-10 3.16534e-07
1.65959 2.76524 4.58978e-10 2.76562e-07
1.65959 2.99028 3.99804e-10 2.40906e-07
1.65959 3.23364 3.47351e-10 2.09299e-07
1.65959 3.4968 3.01101e-10 1.81431e-07
1.65959 3.78138 2.60504e-10 1.56969e-07
1.65959 4.08911 2.25006e-10 1.3558e-07
1.65959 4.4219 1.94068e-10 1.16937e-07
1.65959 4.78176 1.67178e-10 1.00735e-07
1.65959 5.17092 1.43863e-10 8.66858e-08
1.65959 5.59174 1.23687e-10 7.45288e-08
1.65959 6.04681 1.06259e-10 6.40272e-08
1.65959 6.53891 9.12257e-11 5.49689e-08
1.65959 7.07107 7.82749e-11 4.71653e-08
1.65959 7.64653 6.71301e-11 4.04499e-08
1.65959 8.26882 5.75481e-11 3.46761e-08
1.65959 8.94176 4.93162e-11 2.97159e-08
1.65959 9.66947 4.22489e-11 2.54575e-08
1.65959 10.4564 3.61849e-11 2.18036e-08
1.65959 11.3074 3.09844e-11  1.867e-08
1.65959 12.2276 2.65262e-11 1.59836e-08
1.65959 13.2227 2.27058e-11 1.36816e-08
1.65959 14.2988 1.94329e-11 1.17095e-08
1.65959 15.4625 1.66298e-11 1.00204e-08
1.65959 16.7209 1.42295e-11 8.57414e-09
1.65959 18.0816 1.21746e-11 7.33595e-09
1.65959 19.5532 1.04157e-11 6.2761e-09
1.65959 21.1445 8.91037e-12 5.36903e-09
1.65959 22.8653 7.62215e-12 4.5928e-09
1.65959 24.7261 6.51987e-12 3.92861e-09
1.65959 26.7384 5.57677e-12 3.36034e-09
1.65959 28.9144 4.76993e-12 2.87417e-09
1.65959 31.2675 4.0797e-12 2.45826e-09
1.65959 33.8122 3.48927e-12 2.10249e-09
1.65959 36.5639 2.98422e-12 1.79817e-09
1.65959 39.5396 2.55222e-12 1.53787e-09
1.65959 42.7574 2.18273e-12 1.31522e-09
1.65959 46.2371 1.8667e-12 1.1248e-09
1.90546     1 2.05264e-09 1.07724e-06
1.90546 1.08138 1.99403e-09 1.04648e-06
1.90546 1.16939 1.93384e-09 1.01489e-06
1.90546 1.26456 1.83758e-09 9.64378e-07
1.90546 1.36747 1.7176e-09 9.0141e-07
1.90546 1.47876 1.58408e-09 8.31334e-07
1.90546 1.5991 1.44479e-09 7.58238e-07
1.90546 1.72924 1.30552e-09 6.85147e-07
1.90546 1.86997 1.17038e-09 6.14224e-07
1.90546 2.02216 1.04217e-09 5.46941e-07
1.90546 2.18672 9.2267e-10 4.84224e-07
1.90546 2.36469 8.12838e-10 4.26583e-07
1.90546 2.55713 7.13044e-10 3.74211e-07
1.90546 2.76524 6.23227e-10 3.27074e-07
1.90546 2.99028 5.43022e-10 2.84982e-07
1.90546 3.23364 4.7187e-10 2.47641e-07
1.90546 3.4968 4.09099e-10 2.14698e-07
1.90546 3.78138 3.53978e-10 1.8577e-07
1.90546 4.08911 3.05766e-10 1.60468e-07
1.90546 4.4219 2.63737e-10 1.38411e-07
1.90546 4.78176 2.27204e-10 1.19238e-07
1.90546 5.17092 1.95523e-10 1.02612e-07
1.90546 5.59174 1.68106e-10 8.82232e-08
1.90546 6.04681 1.44421e-10 7.57932e-08
1.90546 6.53891 1.2399e-10 6.5071e-08
1.90546 7.07107 1.06389e-10 5.58338e-08
1.90546 7.64653 9.12418e-11 4.78844e-08
1.90546 8.26882 7.82185e-11 4.10497e-08
1.90546 8.94176  6.703e-11 3.51779e-08
1.90546 9.66947 5.74244e-11 3.01368e-08
1.90546 10.4564 4.91824e-11 2.58113e-08
1.90546 11.3074 4.21139e-11 2.21017e-08
1.90546 12.2276 3.60544e-11 1.89216e-08
1.90546 13.2227 3.08617e-11 1.61965e-08
1.90546 14.2988 2.64132e-11 1.38619e-08
1.90546 15.4625 2.26032e-11 1.18623e-08
1.90546 16.7209 1.93408e-11 1.01502e-08
1.90546 18.0816 1.65478e-11 8.68441e-09
1.90546 19.5532 1.41571e-11 7.42974e-09
1.90546 21.1445 1.2111e-11 6.35594e-09
1.90546 22.8653  1.036e-11 5.43702e-09
1.90546 24.7261 8.86182e-12 4.65075e-09
1.90546 26.7384 7.57996e-12 3.97802e-09
1.90546 28.9144 6.4833e-12 3.40248e-09
1.90546 31.2675 5.54514e-12 2.91013e-09
1.90546 33.8122 4.74262e-12 2.48896e-09
1.90546 36.5639 4.05615e-12 2.1287e-09
1.90546 39.5396 3.46899e-12 1.82055e-09
1.90546 42.7574 2.96677e-12 1.55698e-09
1.90546 46.2371 2.53723e-12 1.33156e-09
2.18776     1 1.72375e-09 7.87905e-07
2.18776 1.08138 1.59932e-09 7.3103e-07
2.18776 1.16939 1.51157e-09 6.90922e-07
2.18776 1.26456 1.40947e-09 6.4425e-07
2.18776 1.36747 1.29905e-09 5.93779e-07
2.18776 1.47876 1.18556e-09 5.41906e-07
2.18776 1.5991 1.0729e-09 4.90408e-07
2.18776 1.72924 9.63848e-10 4.40563e-07
2.18776 1.86997 8.60346e-10 3.93254e-07
2.18776 2.02216 7.63648e-10 3.49055e-07
2.18776 2.18672 6.74478e-10 3.08296e-07
2.18776 2.36469 5.93147e-10 2.71121e-07
2.18776 2.55713 5.19651e-10 2.37526e-07
2.18776 2.76524 4.5376e-10 2.07408e-07
2.18776 2.99028 3.95086e-10 1.80589e-07
2.18776 3.23364 3.4314e-10 1.56845e-07
2.18776 3.4968 2.9738e-10 1.35929e-07
2.18776 3.78138 2.5724e-10 1.17581e-07
2.18776 4.08911 2.22158e-10 1.01546e-07
2.18776 4.4219 1.91593e-10 8.75747e-08
2.18776 4.78176 1.65034e-10 7.54352e-08
2.18776 5.17092 1.42011e-10 6.49113e-08
2.18776 5.59174 1.2209e-10 5.5806e-08
2.18776 6.04681 1.04884e-10 4.79412e-08
2.18776 6.53891 9.00435e-11 4.11578e-08
2.18776 7.07107 7.72595e-11 3.53144e-08
2.18776 7.64653 6.62585e-11 3.0286e-08
2.18776 8.26882 5.68004e-11 2.59628e-08
2.18776 8.94176 4.86752e-11 2.22488e-08
2.18776 9.66947 4.16996e-11 1.90604e-08
2.18776 10.4564 3.57143e-11 1.63246e-08
2.18776 11.3074 3.05814e-11 1.39784e-08
2.18776 12.2276 2.61812e-11 1.19671e-08
2.18776 13.2227 2.24104e-11 1.02435e-08
2.18776 14.2988 1.91801e-11 8.76698e-09
2.18776 15.4625 1.64134e-11 7.50236e-09
2.18776 16.7209 1.40444e-11 6.41951e-09
2.18776 18.0816 1.20162e-11 5.49247e-09
2.18776 19.5532 1.02802e-11 4.69895e-09
2.18776 21.1445 8.79441e-12 4.01982e-09
2.18776 22.8653 7.52296e-12 3.43865e-09
2.18776 24.7261 6.43502e-12 2.94137e-09
2.18776 26.7384 5.5042e-12 2.5159e-09
2.18776 28.9144 4.70786e-12 2.15191e-09
2.18776 31.2675 4.02661e-12 1.84052e-09
2.18776 33.8122 3.44386e-12 1.57415e-09
2.18776 36.5639 2.94538e-12 1.3463e-09
2.18776 39.5396 2.51901e-12 1.15141e-09
2.18776 42.7574 2.15432e-12 9.84716e-10
2.18776 46.2371 1.84241e-12 8.42144e-10
2.51189     1 1.23316e-09 4.9093e-07
2.51189 1.08138 1.21973e-09 4.85582e-07
2.51189 1.16939 1.17641e-09 4.68339e-07
2.51189 1.26456 1.11004e-09 4.41914e-07
2.51189 1.36747 1.03085e-09 4.10389e-07
2.51189 1.47876 9.45546e-10 3.76428e-07
2.51189 1.5991 8.58646e-10 3.41833e-07
2.51189 1.72924 7.73231e-10 3.07829e-07
2.51189 1.86997 6.91373e-10 2.75241e-07
2.51189 2.02216 6.14413e-10 2.44602e-07
2.51189 2.18672 5.43145e-10 2.1623e-07
2.51189 2.36469 4.77953e-10 1.90277e-07
2.51189 2.55713 4.18924e-10 1.66777e-07
2.51189 2.76524 3.65928e-10 1.45678e-07
2.51189 2.99028 3.18689e-10 1.26872e-07
2.51189 3.23364 2.76838e-10 1.10211e-07
2.51189 3.4968 2.3995e-10 9.5526e-08
2.51189 3.78138 2.07582e-10 8.26399e-08
2.51189 4.08911 1.79285e-10 7.13746e-08
2.51189 4.4219 1.54626e-10 6.15579e-08
2.51189 4.78176 1.33197e-10 5.30268e-08
2.51189 5.17092 1.14618e-10 4.56303e-08
2.51189 5.59174 9.85422e-11 3.92304e-08
2.51189 6.04681 8.46559e-11 3.37021e-08
2.51189 6.53891 7.26784e-11 2.89338e-08
2.51189 7.07107 6.23603e-11 2.48261e-08
2.51189 7.64653 5.34811e-11 2.12912e-08
2.51189 8.26882 4.58471e-11 1.82521e-08
2.51189 8.94176 3.92888e-11 1.56412e-08
2.51189 9.66947 3.36585e-11 1.33997e-08
2.51189 10.4564 2.88275e-11 1.14764e-08
2.51189 11.3074 2.46843e-11 9.82701e-09
2.51189 12.2276 2.11326e-11 8.41305e-09
2.51189 13.2227 1.8089e-11 7.20136e-09
2.51189 14.2988 1.54816e-11 6.16332e-09
2.51189 15.4625 1.32484e-11 5.27428e-09
2.51189 16.7209 1.13362e-11 4.51302e-09
2.51189 18.0816 9.69914e-12 3.8613e-09
2.51189 19.5532 8.29787e-12 3.30344e-09
2.51189 21.1445 7.09859e-12  2.826e-09
2.51189 22.8653 6.07231e-12 2.41743e-09
2.51189 24.7261 5.19416e-12 2.06783e-09
2.51189 26.7384 4.44283e-12 1.76872e-09
2.51189 28.9144 3.80004e-12 1.51282e-09
2.51189 31.2675 3.25016e-12 1.29391e-09
2.51189 33.8122 2.77978e-12 1.10665e-09
2.51189 36.5639 2.37742e-12 9.4647e-10
2.51189 39.5396 2.03327e-12 8.09459e-10
2.51189 42.7574 1.73891e-12 6.92271e-10
2.51189 46.2371 1.48714e-12 5.92041e-10
2.88403     1 8.33326e-10 2.88945e-07
2.88403 1.08138 9.06753e-10 3.14405e-07
2.88403 1.16939 9.03477e-10 3.13269e-07
2.88403 1.26456 8.69287e-10 3.01414e-07
2.88403 1.36747 8.17487e-10 2.83453e-07
2.88403 1.47876 7.56171e-10 2.62192e-07
2.88403 1.5991 6.90641e-10 2.39471e-07
2.88403 1.72924 6.24439e-10 2.16516e-07
2.88403 1.86997 5.59918e-10 1.94144e-07
2.88403 2.02216 4.98599e-10 1.72883e-07
2.88403 2.18672 4.41406e-10 1.53052e-07
2.88403 2.36469 3.88834e-10 1.34823e-07
2.88403 2.55713 3.41072e-10 1.18262e-07
2.88403 2.76524 2.9809e-10 1.03359e-07
2.88403 2.99028 2.59714e-10 9.00526e-08
2.88403 3.23364 2.25675e-10 7.82497e-08
2.88403 3.4968 1.95647e-10 6.78381e-08
2.88403 3.78138 1.69282e-10 5.86963e-08
2.88403 4.08911 1.46223e-10 5.07009e-08
2.88403 4.4219 1.26122e-10 4.37313e-08
2.88403 4.78176 1.0865e-10 3.76731e-08
2.88403 5.17092 9.34995e-11 3.24197e-08
2.88403 5.59174 8.03882e-11 2.78736e-08
2.88403 6.04681 6.90618e-11 2.39463e-08
2.88403 6.53891 5.92917e-11 2.05586e-08
2.88403 7.07107 5.08747e-11 1.76401e-08
2.88403 7.64653 4.36313e-11 1.51286e-08
2.88403 8.26882 3.74036e-11 1.29692e-08
2.88403 8.94176 3.20533e-11 1.11141e-08
2.88403 9.66947 2.74599e-11 9.52137e-09
2.88403 10.4564 2.35186e-11 8.15478e-09
2.88403 11.3074 2.01385e-11 6.98278e-09
2.88403 12.2276 1.72409e-11 5.97807e-09
2.88403 13.2227 1.47578e-11 5.11708e-09
2.88403 14.2988 1.26306e-11 4.37949e-09
2.88403 15.4625 1.08087e-11 3.74776e-09
2.88403 16.7209 9.2486e-12 3.20683e-09
2.88403 18.0816 7.91302e-12 2.74373e-09
2.88403 19.5532 6.76979e-12 2.34734e-09
2.88403 21.1445 5.79137e-12 2.00808e-09
2.88403 22.8653 4.95408e-12 1.71776e-09
2.88403 24.7261 4.23764e-12 1.46935e-09
2.88403 26.7384 3.62467e-12 1.25681e-09
2.88403 28.9144 3.10026e-12 1.07497e-09
2.88403 31.2675 2.65164e-12 9.1942e-10
2.88403 33.8122 2.26788e-12 7.86357e-10
2.88403 36.5639 1.93962e-12 6.72536e-10
2.88403 39.5396 1.65884e-12 5.7518e-10
2.88403 42.7574 1.41868e-12 4.9191e-10
2.88403 46.2371 1.21328e-12 4.20689e-10
3.31131     1 6.50007e-10 1.96299e-07
3.31131 1.08138 7.2262e-10 2.18228e-07
3.31131 1.16939 7.26281e-10 2.19333e-07
3.31131 1.26456 7.02747e-10 2.12226e-07
3.31131 1.36747 6.63422e-10 2.0035e-07
3.31131 1.47876 6.15315e-10 1.85822e-07
3.31131 1.5991 5.63065e-10 1.70043e-07
3.31131 1.72924 5.09787e-10 1.53953e-07
3.31131 1.86997 4.57562e-10 1.38182e-07
3.31131 2.02216 4.07743e-10 1.23136e-07
3.31131 2.18672 3.61159e-10 1.09068e-07
3.31131 2.36469 3.18265e-10 9.61146e-08
3.31131 2.55713 2.79249e-10 8.43317e-08
3.31131 2.76524 2.44107e-10 7.37192e-08
3.31131 2.99028 2.12713e-10 6.42382e-08
3.31131 3.23364 1.84853e-10 5.58248e-08
3.31131 3.4968 1.6027e-10 4.84008e-08
3.31131 3.78138 1.3868e-10 4.18808e-08
3.31131 4.08911 1.19795e-10 3.61774e-08
3.31131 4.4219 1.0333e-10 3.12053e-08
3.31131 4.78176 8.90178e-11 2.68829e-08
3.31131 5.17092 7.66059e-11 2.31346e-08
3.31131 5.59174 6.58644e-11 1.98907e-08
3.31131 6.04681 5.65848e-11 1.70883e-08
3.31131 6.53891 4.85801e-11 1.4671e-08
3.31131 7.07107 4.16839e-11 1.25884e-08
3.31131 7.64653 3.57492e-11 1.07961e-08
3.31131 8.26882 3.06466e-11 9.25513e-09
3.31131 8.94176 2.62629e-11 7.93127e-09
3.31131 9.66947 2.24994e-11 6.7947e-09
3.31131 10.4564 1.92701e-11 5.81947e-09
3.31131 11.3074 1.65006e-11 4.9831e-09
3.31131 12.2276 1.41264e-11 4.26612e-09
3.31131 13.2227 1.20919e-11 3.65169e-09
3.31131 14.2988 1.03489e-11 3.12532e-09
3.31131 15.4625 8.85613e-12 2.67451e-09
3.31131 16.7209 7.57789e-12 2.28848e-09
3.31131 18.0816 6.48357e-12 1.95801e-09
3.31131 19.5532 5.54687e-12 1.67513e-09
3.31131 21.1445 4.74519e-12 1.43302e-09
3.31131 22.8653 4.05915e-12 1.22584e-09
3.31131 24.7261 3.47214e-12 1.04857e-09
3.31131 26.7384 2.96989e-12 8.96893e-10
3.31131 28.9144 2.54021e-12 7.67132e-10
3.31131 31.2675 2.17263e-12 6.56125e-10
3.31131 33.8122 1.8582e-12 5.61167e-10
3.31131 36.5639 1.58923e-12 4.79941e-10
3.31131 39.5396 1.35918e-12 4.10465e-10
3.31131 42.7574 1.16241e-12 3.51041e-10
3.31131 46.2371 9.94107e-13 3.00216e-10
3.80189     1 2.44292e-10 6.42553e-08
3.80189 1.08138 1.9874e-10 5.22739e-08
3.80189 1.16939 1.79089e-10 4.71052e-08
3.80189 1.26456 1.62079e-10 4.26311e-08
3.80189 1.36747 1.46406e-10 3.85087e-08
3.80189 1.47876 1.31756e-10 3.46553e-08
3.80189 1.5991 1.18055e-10 3.10515e-08
3.80189 1.72924  1.053e-10 2.76967e-08
3.80189 1.86997 9.3507e-11 2.45949e-08
3.80189 2.02216 8.26852e-11 2.17484e-08
3.80189 2.18672 7.28295e-11 1.91561e-08
3.80189 2.36469 6.39185e-11 1.68123e-08
3.80189 2.55713 5.59159e-11 1.47074e-08
3.80189 2.76524 4.8773e-11 1.28286e-08
3.80189 2.99028 4.24327e-11 1.11609e-08
3.80189 3.23364 3.68322e-11 9.68785e-09
3.80189 3.4968 3.19067e-11 8.39231e-09
3.80189 3.78138 2.75913e-11 7.25724e-09
3.80189 4.08911 2.38229e-11 6.26607e-09
3.80189 4.4219 2.05419e-11 5.40306e-09
3.80189 4.78176 1.76922e-11 4.65352e-09
3.80189 5.17092 1.52226e-11 4.00395e-09
3.80189 5.59174 1.30864e-11 3.44207e-09
3.80189 6.04681 1.12416e-11 2.95684e-09
3.80189 6.53891 9.65063e-12 2.53838e-09
3.80189 7.07107 8.28025e-12 2.17793e-09
3.80189 7.64653 7.10109e-12 1.86778e-09
3.80189 8.26882 6.08736e-12 1.60114e-09
3.80189 8.94176 5.21652e-12 1.37208e-09
3.80189 9.66947 4.46891e-12 1.17544e-09
3.80189 10.4564 3.82746e-12 1.00672e-09
3.80189 11.3074 3.27735e-12 8.62032e-10
3.80189 12.2276 2.80578e-12 7.37995e-10
3.80189 13.2227 2.40167e-12 6.31704e-10
3.80189 14.2988 2.05548e-12 5.40646e-10
3.80189 15.4625 1.75898e-12 4.62659e-10
3.80189 16.7209 1.5051e-12 3.95881e-10
3.80189 18.0816 1.28775e-12 3.38712e-10
3.80189 19.5532 1.1017e-12 2.89776e-10
3.80189 21.1445 9.42472e-13 2.47895e-10
3.80189 22.8653 8.06214e-13 2.12056e-10
3.80189 24.7261 6.89623e-13 1.81389e-10
3.80189 26.7384 5.89869e-13 1.55151e-10
3.80189 28.9144 5.04527e-13 1.32704e-10
3.80189 31.2675 4.3152e-13 1.13501e-10
3.80189 33.8122 3.69068e-13 9.70748e-11
3.80189 36.5639 3.15648e-13 8.30238e-11
3.80189 39.5396 2.69955e-13 7.10053e-11
3.80189 42.7574 2.30873e-13 6.07257e-11
3.80189 46.2371 1.97446e-13 5.19335e-11
4.36516     1 4.74202e-11 1.08633e-08
4.36516 1.08138 4.69004e-11 1.07443e-08
4.36516 1.16939 4.36683e-11 1.00038e-08
4.36516 1.26456 3.99335e-11 9.14823e-09
4.36516 1.36747 3.61627e-11 8.2844e-09
4.36516 1.47876 3.25298e-11 7.45215e-09
4.36516 1.5991 2.91053e-11 6.66764e-09
4.36516 1.72924 2.59189e-11 5.93767e-09
4.36516 1.86997 2.29821e-11 5.26489e-09
4.36516 2.02216 2.0297e-11 4.64978e-09
4.36516 2.18672 1.78599e-11 4.09146e-09
4.36516 2.36469 1.56624e-11 3.58806e-09
4.36516 2.55713 1.36933e-11 3.13696e-09
4.36516 2.76524 1.19387e-11  2.735e-09
4.36516 2.99028 1.03832e-11 2.37865e-09
4.36516 3.23364 9.01047e-12 2.06418e-09
4.36516 3.4968 7.80405e-12 1.78781e-09
4.36516 3.78138 6.74761e-12 1.54579e-09
4.36516 4.08911 5.82545e-12 1.33453e-09
4.36516 4.4219 5.02275e-12 1.15064e-09
4.36516 4.78176 4.32573e-12 9.90967e-10
4.36516 5.17092 3.72176e-12 8.52606e-10
4.36516 5.59174 3.19939e-12 7.32938e-10
4.36516 6.04681 2.7483e-12  6.296e-10
4.36516 6.53891 2.35932e-12 5.40488e-10
4.36516 7.07107 2.02427e-12 4.63734e-10
4.36516 7.64653 1.73599e-12 3.97692e-10
4.36516 8.26882 1.48815e-12 3.40916e-10
4.36516 8.94176 1.27526e-12 2.92144e-10
4.36516 9.66947 1.09249e-12 2.50275e-10
4.36516 10.4564 9.35674e-13 2.14351e-10
4.36516 11.3074 8.01192e-13 1.83543e-10
4.36516 12.2276 6.85909e-13 1.57133e-10
4.36516 13.2227 5.87119e-13 1.34501e-10
4.36516 14.2988 5.02488e-13 1.15113e-10
4.36516 15.4625 4.30004e-13 9.85083e-11
4.36516 16.7209 3.67939e-13  8.429e-11
4.36516 18.0816 3.14805e-13 7.21177e-11
4.36516 19.5532 2.69324e-13 6.16985e-11
4.36516 21.1445 2.30399e-13 5.27813e-11
4.36516 22.8653 1.97089e-13 4.51504e-11
4.36516 24.7261 1.68587e-13 3.8621e-11
4.36516 26.7384 1.44201e-13 3.30345e-11
4.36516 28.9144 1.23338e-13 2.82551e-11
4.36516 31.2675 1.0549e-13 2.41664e-11
4.36516 33.8122 9.02232e-14 2.06689e-11
4.36516 36.5639 7.71639e-14 1.76772e-11
4.36516 39.5396 6.59937e-14 1.51183e-11
4.36516 42.7574 5.64396e-14 1.29296e-11
4.36516 46.2371 4.8268e-14 1.10576e-11
5.01187     1 2.20932e-11 4.40817e-09
5.01187 1.08138 2.30507e-11 4.59922e-09
5.01187 1.16939 2.17228e-11 4.33426e-09
5.01187 1.26456 1.9962e-11 3.98295e-09
5.01187 1.36747 1.81132e-11 3.61406e-09
5.01187 1.47876 1.63056e-11 3.2534e-09
5.01187 1.5991 1.45919e-11 2.91146e-09
5.01187 1.72924 1.29938e-11 2.59261e-09
5.01187 1.86997 1.15201e-11 2.29857e-09
5.01187 2.02216 1.01728e-11 2.02974e-09
5.01187 2.18672 8.95016e-12 1.78579e-09
5.01187 2.36469 7.84811e-12 1.5659e-09
5.01187 2.55713 6.86083e-12 1.36891e-09
5.01187 2.76524 5.98129e-12 1.19342e-09
5.01187 2.99028 5.2017e-12 1.03788e-09
5.01187 3.23364 4.51383e-12 9.00628e-10
5.01187 3.4968 3.90936e-12 7.8002e-10
5.01187 3.78138 3.38007e-12 6.74413e-10
5.01187 4.08911 2.91809e-12 5.82235e-10
5.01187 4.4219 2.51597e-12 5.02001e-10
5.01187 4.78176 2.1668e-12 4.32333e-10
5.01187 5.17092 1.86425e-12 3.71968e-10
5.01187 5.59174 1.60259e-12 3.19758e-10
5.01187 6.04681 1.37663e-12 2.74674e-10
5.01187 6.53891 1.18178e-12 2.35797e-10
5.01187 7.07107 1.01396e-12 2.02311e-10
5.01187 7.64653 8.69555e-13 1.73499e-10
5.01187 8.26882 7.45415e-13 1.4873e-10
5.01187 8.94176 6.38774e-13 1.27452e-10
5.01187 9.66947 5.47226e-13 1.09186e-10
5.01187 10.4564 4.68677e-13 9.35135e-11
5.01187 11.3074 4.01316e-13 8.0073e-11
5.01187 12.2276 3.4357e-13 6.85513e-11
5.01187 13.2227 2.94087e-13 5.8678e-11
5.01187 14.2988 2.51695e-13 5.02197e-11
5.01187 15.4625 2.15388e-13 4.29756e-11
5.01187 16.7209  1.843e-13 3.67727e-11
5.01187 18.0816 1.57685e-13 3.14623e-11
5.01187 19.5532 1.34904e-13 2.69168e-11
5.01187 21.1445 1.15406e-13 2.30266e-11
5.01187 22.8653 9.87213e-14 1.96975e-11
5.01187 24.7261 8.44446e-14 1.68489e-11
5.01187 26.7384 7.22297e-14 1.44117e-11
5.01187 28.9144 6.17796e-14 1.23267e-11
5.01187 31.2675 5.28398e-14 1.05429e-11
5.01187 33.8122 4.51926e-14 9.0171e-12
5.01187 36.5639 3.86512e-14 7.71193e-12
5.01187 39.5396 3.30561e-14 6.59556e-12
5.01187 42.7574 2.82705e-14 5.6407e-12
5.01187 46.2371 2.41773e-14 4.82401e-12
5.7544     1 1.35674e-11 2.35774e-09
5.7544 1.08138 1.44718e-11 2.51491e-09
5.7544 1.16939 1.37122e-11 2.3829e-09
5.7544 1.26456 1.26298e-11 2.1948e-09
5.7544 1.36747 1.14716e-11 1.99354e-09
5.7544 1.47876 1.03312e-11 1.79535e-09
5.7544 1.5991 9.2468e-12 1.60691e-09
5.7544 1.72924 8.23444e-12 1.43098e-09
5.7544 1.86997 7.30042e-12 1.26867e-09
5.7544 2.02216 6.4464e-12 1.12026e-09
5.7544 2.18672 5.67142e-12 9.85581e-10
5.7544 2.36469 4.97293e-12 8.64197e-10
5.7544 2.55713 4.34723e-12 7.55462e-10
5.7544 2.76524 3.78985e-12  6.586e-10
5.7544 2.99028 3.29583e-12 5.7275e-10
5.7544 3.23364 2.85996e-12 4.97004e-10
5.7544 3.4968 2.47694e-12 4.30443e-10
5.7544 3.78138 2.14157e-12 3.72162e-10
5.7544 4.08911 1.84885e-12 3.21294e-10
5.7544 4.4219 1.59407e-12 2.77018e-10
5.7544 4.78176 1.37284e-12 2.38572e-10
5.7544 5.17092 1.18115e-12 2.05261e-10
5.7544 5.59174 1.01536e-12 1.7645e-10
5.7544 6.04681 8.72202e-13 1.51571e-10
5.7544 6.53891 7.4875e-13 1.30118e-10
5.7544 7.07107 6.42419e-13 1.1164e-10
5.7544 7.64653 5.50929e-13 9.57404e-11
5.7544 8.26882 4.72276e-13 8.20722e-11
5.7544 8.94176 4.04711e-13 7.03308e-11
5.7544 9.66947 3.46708e-13 6.0251e-11
5.7544 10.4564 2.96942e-13 5.16027e-11
5.7544 11.3074 2.54263e-13 4.41859e-11
5.7544 12.2276 2.17678e-13 3.7828e-11
5.7544 13.2227 1.86326e-13 3.23797e-11
5.7544 14.2988 1.59468e-13 2.77123e-11
5.7544 15.4625 1.36465e-13 2.37148e-11
5.7544 16.7209 1.16768e-13 2.02919e-11
5.7544 18.0816 9.99053e-14 1.73616e-11
5.7544 19.5532 8.54716e-14 1.48533e-11
5.7544 21.1445 7.31185e-14 1.27065e-11
5.7544 22.8653 6.25473e-14 1.08695e-11
5.7544 24.7261 5.3502e-14 9.29758e-12
5.7544 26.7384 4.57629e-14 7.95269e-12
5.7544 28.9144 3.9142e-14 6.8021e-12
5.7544 31.2675 3.3478e-14 5.81781e-12
5.7544 33.8122 2.86329e-14 4.97582e-12
5.7544 36.5639 2.44884e-14 4.2556e-12
5.7544 39.5396 2.09435e-14 3.63956e-12
5.7544 42.7574 1.79114e-14 3.11265e-12
5.7544 46.2371 1.53181e-14 2.66199e-12
6.60693     1 9.46531e-12 1.43263e-09
6.60693 1.08138 1.02102e-11 1.54537e-09
6.60693 1.16939 9.70265e-12 1.46856e-09
6.60693 1.26456 8.9485e-12 1.35441e-09
6.60693 1.36747 8.13291e-12 1.23097e-09
6.60693 1.47876 7.32652e-12 1.10891e-09
6.60693 1.5991 6.55837e-12 9.9265e-10
6.60693 1.72924 5.84067e-12 8.84022e-10
6.60693 1.86997 5.17828e-12 7.83765e-10
6.60693 2.02216 4.57253e-12 6.9208e-10
6.60693 2.18672 4.02281e-12 6.08877e-10
6.60693 2.36469 3.52734e-12 5.33885e-10
6.60693 2.55713 3.08351e-12 4.66708e-10
6.60693 2.76524 2.68814e-12 4.06867e-10
6.60693 2.99028 2.33773e-12 3.53829e-10
6.60693 3.23364 2.02855e-12 3.07034e-10
6.60693 3.4968 1.75688e-12 2.65914e-10
6.60693 3.78138  1.519e-12 2.2991e-10
6.60693 4.08911 1.31137e-12 1.98485e-10
6.60693 4.4219 1.13066e-12 1.71132e-10
6.60693 4.78176 9.73741e-13 1.47382e-10
6.60693 5.17092 8.37777e-13 1.26803e-10
6.60693 5.59174 7.20185e-13 1.09004e-10
6.60693 6.04681 6.18643e-13 9.36353e-11
6.60693 6.53891 5.31079e-13 8.03821e-11
6.60693 7.07107 4.5566e-13 6.8967e-11
6.60693 7.64653 3.90767e-13 5.9145e-11
6.60693 8.26882 3.3498e-13 5.07012e-11
6.60693 8.94176 2.87057e-13 4.34478e-11
6.60693 9.66947 2.45916e-13 3.72209e-11
6.60693 10.4564 2.10617e-13 3.18782e-11
6.60693 11.3074 1.80346e-13 2.72964e-11
6.60693 12.2276 1.54396e-13 2.33688e-11
6.60693 13.2227 1.32159e-13 2.0003e-11
6.60693 14.2988 1.13108e-13 1.71196e-11
6.60693 15.4625 9.67926e-14 1.46501e-11
6.60693 16.7209 8.28219e-14 1.25356e-11
6.60693 18.0816 7.08616e-14 1.07253e-11
6.60693 19.5532 6.06239e-14 9.1758e-12
6.60693 21.1445 5.1862e-14 7.84963e-12
6.60693 22.8653 4.4364e-14 6.71477e-12
6.60693 24.7261 3.79483e-14 5.74371e-12
6.60693 26.7384 3.24591e-14 4.91288e-12
6.60693 28.9144 2.77629e-14 4.20209e-12
6.60693 31.2675 2.37455e-14 3.59403e-12
6.60693 33.8122 2.03089e-14 3.07388e-12
6.60693 36.5639 1.73693e-14 2.62896e-12
6.60693 39.5396 1.4855e-14 2.24839e-12
6.60693 42.7574 1.27044e-14 1.92288e-12
6.60693 46.2371 1.0865e-14 1.64448e-12
7.58578     1 7.08481e-12 9.33959e-10
7.58578 1.08138 7.68646e-12 1.01327e-09
7.58578 1.16939 7.31676e-12 9.64537e-10
7.58578 1.26456 6.75367e-12 8.90308e-10
7.58578 1.36747 6.14081e-12 8.09517e-10
7.58578 1.47876 5.53326e-12 7.29426e-10
7.58578 1.5991 4.9538e-12 6.53037e-10
7.58578 1.72924 4.41203e-12 5.81619e-10
7.58578 1.86997 3.91184e-12 5.15682e-10
7.58578 2.02216 3.45434e-12 4.5537e-10
7.58578 2.18672 3.03911e-12 4.00632e-10
7.58578 2.36469 2.66483e-12 3.51292e-10
7.58578 2.55713 2.32954e-12 3.07093e-10
7.58578 2.76524 2.03085e-12 2.67719e-10
7.58578 2.99028 1.76612e-12 2.32821e-10
7.58578 3.23364 1.53255e-12 2.0203e-10
7.58578 3.4968 1.32731e-12 1.74973e-10
7.58578 3.78138 1.14759e-12 1.51282e-10
7.58578 4.08911 9.90734e-13 1.30604e-10
7.58578 4.4219 8.54204e-13 1.12606e-10
7.58578 4.78176 7.35655e-13 9.69782e-11
7.58578 5.17092 6.32936e-13 8.34372e-11
7.58578 5.59174 5.44096e-13 7.17258e-11
7.58578 6.04681 4.67381e-13 6.16128e-11
7.58578 6.53891 4.01227e-13 5.28921e-11
7.58578 7.07107 3.44249e-13 4.53808e-11
7.58578 7.64653 2.95222e-13 3.89179e-11
7.58578 8.26882 2.53075e-13 3.33618e-11
7.58578 8.94176 2.1687e-13 2.8589e-11
7.58578 9.66947 1.85788e-13 2.44917e-11
7.58578 10.4564 1.5912e-13 2.09761e-11
7.58578 11.3074 1.3625e-13 1.79613e-11
7.58578 12.2276 1.16645e-13 1.53768e-11
7.58578 13.2227 9.98451e-14 1.31621e-11
7.58578 14.2988 8.54527e-14 1.12649e-11
7.58578 15.4625 7.31262e-14 9.63992e-12
7.58578 16.7209 6.25715e-14 8.24853e-12
7.58578 18.0816 5.35355e-14 7.05736e-12
7.58578 19.5532 4.5801e-14 6.03775e-12
7.58578 21.1445 3.91815e-14 5.16512e-12
7.58578 22.8653 3.35168e-14 4.41837e-12
7.58578 24.7261 2.86697e-14 3.77941e-12
7.58578 26.7384 2.45226e-14 3.23271e-12
7.58578 28.9144 2.09747e-14 2.76501e-12
7.58578 31.2675 1.79396e-14 2.3649e-12
7.58578 33.8122 1.53433e-14 2.02264e-12
7.58578 36.5639 1.31224e-14 1.72987e-12
7.58578 39.5396 1.12228e-14 1.47946e-12
7.58578 42.7574 9.59807e-15 1.26527e-12
7.58578 46.2371 8.20842e-15 1.08208e-12
8.70964     1 5.5057e-12 6.32139e-10
8.70964 1.08138 5.97471e-12 6.85988e-10
8.70964 1.16939 5.69136e-12 6.53456e-10
8.70964 1.26456 5.25648e-12 6.03524e-10
8.70964 1.36747 4.78166e-12 5.49008e-10
8.70964 1.47876 4.31005e-12 4.9486e-10
8.70964 1.5991 3.85966e-12 4.43148e-10
8.70964 1.72924 3.43819e-12 3.94757e-10
8.70964 1.86997 3.04883e-12 3.50052e-10
8.70964 2.02216 2.69252e-12 3.09143e-10
8.70964 2.18672 2.36904e-12 2.72002e-10
8.70964 2.36469 2.0774e-12 2.38517e-10
8.70964 2.55713 1.81609e-12 2.08515e-10
8.70964 2.76524 1.58329e-12 1.81786e-10
8.70964 2.99028 1.37693e-12 1.58093e-10
8.70964 3.23364 1.19485e-12 1.37187e-10
8.70964 3.4968 1.03484e-12 1.18815e-10
8.70964 3.78138 8.94733e-13 1.02729e-10
8.70964 4.08911 7.72442e-13 8.86882e-11
8.70964 4.4219 6.65997e-13 7.64667e-11
8.70964 4.78176 5.7357e-13 6.58546e-11
8.70964 5.17092 4.93484e-13 5.66595e-11
8.70964 5.59174 4.24218e-13 4.87067e-11
8.70964 6.04681 3.64406e-13 4.18394e-11
8.70964 6.53891 3.12828e-13 3.59174e-11
8.70964 7.07107 2.68403e-13 3.08168e-11
8.70964 7.64653 2.30178e-13 2.6428e-11
8.70964 8.26882 1.97317e-13 2.26551e-11
8.70964 8.94176 1.69089e-13 1.9414e-11
8.70964 9.66947 1.44855e-13 1.66316e-11
8.70964 10.4564 1.24063e-13 1.42443e-11
8.70964 11.3074 1.06231e-13 1.2197e-11
8.70964 12.2276 9.09459e-14 1.0442e-11
8.70964 13.2227 7.78471e-14 8.93804e-12
8.70964 14.2988 6.66257e-14 7.64965e-12
8.70964 15.4625 5.7015e-14 6.5462e-12
8.70964 16.7209 4.87857e-14 5.60135e-12
8.70964 18.0816 4.17405e-14 4.79245e-12
8.70964 19.5532 3.57101e-14 4.10007e-12
8.70964 21.1445 3.05489e-14 3.50749e-12
8.70964 22.8653 2.61323e-14 3.00039e-12
8.70964 24.7261 2.23532e-14 2.56649e-12
8.70964 26.7384 1.91198e-14 2.19525e-12
8.70964 28.9144 1.63536e-14 1.87764e-12
8.70964 31.2675 1.39871e-14 1.60594e-12
8.70964 33.8122 1.19628e-14 1.37352e-12
8.70964 36.5639 1.02313e-14 1.17471e-12
8.70964 39.5396 8.75021e-15 1.00466e-12
8.70964 42.7574 7.48342e-15 8.59211e-13
8.70964 46.2371 6.39993e-15 7.34811e-13
