            100    3.53835e-12    1.71676e-11              0              0              0              0              0
        102.329    4.18883e-12    1.75675e-11              0              0              0              0              0
        104.713    5.01842e-12    1.79767e-11              0              0              0              0              0
        107.152    6.09891e-12    1.83955e-11              0              0              0              0              0
        109.648    7.54257e-12     1.8824e-11              0              0              0              0              0
        112.202     9.5335e-12    1.92625e-11              0              0              0              0              0
        114.815    1.23915e-11    1.97113e-11              0              0              0              0              0
         117.49    1.67147e-11    2.01704e-11              0              0              0              0              0
        120.226    2.37346e-11    2.06403e-11              0              0              0              0              0
        123.027    3.63462e-11    2.11211e-11              0              0              0              0              0
        125.893    6.28188e-11    2.16131e-11              0              0              0              0              0
        128.825    1.35722e-10    2.21166e-11              0              0              0              0              0
        131.826    5.05955e-10    2.26318e-11              0              0              0              0              0
        134.896    3.91827e-07     2.3159e-11              0              0              0              0              0
        138.038    5.19738e-10    2.36984e-11              0              0              0              0              0
        141.254    1.16629e-10    2.42505e-11              0              0              0              0              0
        144.544    4.67391e-11    2.48154e-11              0              0              0              0              0
        147.911    2.32874e-11    2.53934e-11              0              0              0              0              0
        151.356    1.28273e-11    2.59849e-11              0              0              0              0              0
        154.882    7.35615e-12    2.65902e-11              0              0              0              0              0
        158.489    4.20085e-12    2.72096e-11              0              0              0              0              0
        162.181    2.27497e-12    2.78435e-11              0              0              0              0              0
        165.959    1.07959e-12     2.8492e-11              0              0              0              0              0
        169.824    3.71573e-13    2.91557e-11              0              0              0              0              0
         173.78    3.82269e-14    2.98349e-11              0              0              0              0              0
        177.828    5.09105e-14    3.05298e-11              0              0              0              0              0
         181.97    4.63932e-13     3.1241e-11              0              0              0              0              0
        186.209    1.48493e-12    3.19687e-11              0              0              0              0              0
        190.546    4.00921e-12    3.27134e-11              0              0              0              0              0
        194.984    8.66478e-12    3.34754e-11              0              0              0              0              0
        199.526    1.09093e-11    3.42552e-11              0              0              0              0              0
        204.174     1.3959e-11    3.50531e-11              0              0              0              0              0
         208.93    1.91414e-11    3.58696e-11              0              0              0              0              0
        213.796    3.01025e-11    3.67051e-11    2.38154e-07              0              0              0              0
        218.776    3.24069e-11    3.75601e-11    4.15673e-07              0              0              0              0
        223.872    3.44021e-11     3.8435e-11    5.42513e-07              0              0              0              0
        229.087    3.62623e-11    3.93303e-11    6.49295e-07              0              0              0              0
        234.423    3.80378e-11    4.02465e-11     7.4488e-07              0              0              0              0
        239.883    3.97539e-11    4.11839e-11      8.333e-07              0              0              0              0
        245.471    4.14268e-11    4.21432e-11    9.16792e-07              0              0              0              0
        251.189    4.30688e-11    4.31249e-11    9.96751e-07              0              0              0              0
         257.04    4.46903e-11    4.41294e-11    1.07412e-06              0              0              0              0
        263.027    4.63006e-11    4.51573e-11    1.14956e-06              0              0              0              0
        269.153    4.79087e-11    4.62092e-11    1.22359e-06              0              0              0              0
        275.423    4.95239e-11    4.72856e-11    1.29658e-06              0    5.32905e-21              0              0
        281.838    5.11562e-11     4.8387e-11    1.36885e-06              0    3.98522e-19              0              0
        288.403    5.28165e-11    4.95141e-11    1.44064e-06              0    4.61822e-18              0              0
        295.121    5.45178e-11    5.06675e-11    1.51217e-06              0    2.62594e-17              0              0
        301.995    5.62755e-11    5.18477e-11    1.58361e-06              0    1.02326e-16              0              0
         309.03    5.81086e-11    5.30554e-11    1.65511e-06              0    3.15591e-16              0              0
        316.228     6.0041e-11    5.42912e-11    1.72682e-06              0    8.30791e-16              0              0
        323.594     6.2103e-11    5.55558e-11    1.79884e-06              0    1.95194e-15              0              0
        331.131    6.43342e-11    5.68499e-11    1.87129e-06              0    4.21211e-15              0              0
        338.844    6.67868e-11    5.81741e-11    1.94426e-06              0     8.5133e-15              0              0
        346.737    6.95301e-11    5.95292e-11    2.01784e-06              0    1.63444e-14              0              0
        354.813    7.26581e-11    6.09158e-11    2.09212e-06              0    3.01218e-14              0              0
        363.078    7.62991e-11    6.23347e-11    2.16717e-06              0    5.37246e-14              0              0
        371.535    8.06311e-11    6.37867e-11    2.24307e-06              0    9.33448e-14              0              0
        380.189    8.59042e-11    6.52725e-11    2.31989e-06              0    1.58852e-13              0              0
        389.045    9.24761e-11    6.67929e-11    2.39769e-06              0    2.66017e-13              0              0
        398.107    1.00866e-10    6.83487e-11    2.47654e-06              0    4.40208e-13              0              0
         407.38    1.11846e-10    6.99408e-11     2.5565e-06              0    7.55947e-13              0              0
        416.869    1.26586e-10    7.15699e-11    2.63763e-06              0    1.71668e-12              0              0
         426.58    1.46909e-10     7.3237e-11       2.72e-06              0    2.87232e-12              0              0
        436.516    1.75755e-10    7.49429e-11    2.80365e-06              0    3.84551e-12              0              0
        446.684    2.18039e-10    7.66886e-11    2.88865e-06              0     5.3025e-12              0              0
        457.088    2.82375e-10    7.84749e-11    2.97505e-06              0    1.02944e-11              0              0
        467.735    3.84776e-10    8.03028e-11    3.06292e-06              0    2.74866e-11              0              0
         478.63    5.57312e-10    8.21733e-11     3.1523e-06              0    7.95089e-11              0              0
        489.779    8.70916e-10    8.40874e-11    3.24326e-06              0    2.26899e-10              0              0
        501.187    1.50572e-09     8.6046e-11    3.33584e-06              0    6.47757e-10              0              0
        512.861    3.02421e-09    8.80503e-11    3.43011e-06              0    1.96907e-09              0              0
        524.807    7.91868e-09    9.01013e-11    3.52613e-06              0    7.26836e-09              0              0
        537.032    4.01894e-08       9.22e-11    3.62394e-06              0    4.91151e-08              0              0
        549.541      3.194e-06    9.43476e-11    3.72361e-06              0    4.96418e-06              0              0
        562.341    3.41399e-08    9.65453e-11    3.82519e-06              0     6.5011e-08              0              0
         575.44    1.07845e-08    9.87941e-11    3.92875e-06              0    2.44166e-08              0              0
        588.844    5.68402e-09    1.01095e-10    4.03434e-06              0    1.49285e-08              0              0
         602.56    3.72845e-09     1.0345e-10    4.14202e-06              0    1.11323e-08              0              0
        616.595    2.76131e-09     1.0586e-10    4.25186e-06              0     9.2175e-09              0              0
        630.957    2.20796e-09    1.08326e-10    4.36391e-06              0    8.12665e-09              0              0
        645.654    1.86024e-09    1.10849e-10    4.47824e-06              0    7.46277e-09              0              0
        660.693    1.62709e-09    1.13431e-10     4.5949e-06              0    7.04668e-09              0              0
        676.083    1.46315e-09    1.16073e-10    4.71398e-06              0    6.78652e-09              0              0
        691.831    1.34353e-09    1.18777e-10    4.83552e-06              0    6.63058e-09              0              0
        707.946    1.25342e-09    1.21543e-10     4.9596e-06              0    6.54738e-09              0              0
        724.436    1.18335e-09    1.24374e-10    5.08628e-06              0    6.51632e-09              0              0
         741.31    1.12684e-09    1.27272e-10    5.21564e-06              0    6.52266e-09              0              0
        758.578    1.07898e-09    1.30236e-10    5.34774e-06              0    6.55448e-09              0              0
        776.247    1.03561e-09     1.3327e-10    5.48265e-06              0    6.60031e-09              0              0
        794.328     9.9272e-10    1.36374e-10    5.62046e-06              0    6.64699e-09              0              0
        812.831    9.45696e-10     1.3955e-10    5.76122e-06              0    6.67755e-09              0              0
        831.764     8.8849e-10    1.42801e-10    5.90503e-06              0     6.6844e-09              0              0
        851.138    8.12112e-10    1.46127e-10    6.05195e-06              0    6.73593e-09              0              0
        870.964    7.01909e-10    1.49531e-10    6.20207e-06              0    7.04051e-09              0              0
        891.251    5.32816e-10    1.53014e-10    6.35546e-06              0    8.39206e-09              0              0
        912.011    2.70295e-10    1.56578e-10    6.51221e-06              0    1.46249e-08              0              0
        933.254    1.22397e-10    1.60225e-10     6.6724e-06              0    5.83632e-08              0              0
        954.993    9.34259e-08    1.63958e-10    6.83612e-06              0    4.77597e-06              0              0
        977.237     1.1228e-08    1.67777e-10    7.00345e-06              0    2.66044e-07              0              0
           1000    5.19421e-09    1.71685e-10    7.17449e-06              0     8.7605e-08              0              0
        1023.29    3.93046e-09    1.75684e-10    7.34932e-06              0    5.52309e-08              0              0
        1047.13    3.44862e-09    1.79776e-10    7.52805e-06              0    4.33051e-08              0              0
        1071.52    3.23171e-09    1.83963e-10    7.71075e-06              0    3.75606e-08              0              0
        1096.48    3.13816e-09    1.88249e-10    7.89754e-06              0    3.44056e-08              0              0
        1122.02    3.11434e-09    1.92633e-10    8.08851e-06              0    3.25569e-08              0              0
        1148.15    3.13583e-09     1.9712e-10    8.28376e-06              0    3.45916e-08              0              0
         1174.9    3.19017e-09    2.01712e-10     8.4834e-06              0    4.47143e-08              0              0
        1202.26    3.27057e-09     2.0641e-10    8.68754e-06              0    6.36914e-08              0              0
        1230.27     3.3732e-09    2.11218e-10    8.89627e-06              0    9.19701e-08              0              0
        1258.93    3.49599e-09    2.16138e-10    9.10972e-06              0     1.2986e-07              0              0
        1288.25    3.63789e-09    2.21173e-10    9.32799e-06              0    1.77496e-07              0              0
        1318.26     3.7986e-09    2.26325e-10    9.55121e-06              0    2.29285e-07              0              0
        1348.96    3.97836e-09    2.31596e-10    9.77948e-06              0    2.96263e-07              0              0
        1380.38     4.1778e-09    2.36991e-10    1.00129e-05              0    3.72829e-07              0              0
        1412.54    4.39791e-09    2.42511e-10    1.02517e-05              0    4.58858e-07              0              0
        1445.44    4.64003e-09     2.4816e-10    1.04959e-05              0    5.54209e-07              0              0
        1479.11    4.90581e-09     2.5394e-10    1.07457e-05              0    6.58728e-07              0              0
        1513.56    5.19726e-09    2.59855e-10    1.10011e-05              0    7.72258e-07              0              0
        1548.82    5.51673e-09    2.65908e-10    1.12624e-05              0    8.94805e-07              0              0
        1584.89    5.86704e-09    2.72102e-10    1.15296e-05              0    1.03769e-06              0              0
        1621.81    6.25144e-09     2.7844e-10     1.1803e-05              0    1.20712e-06              0              0
        1659.59    6.67379e-09    2.84926e-10    1.20826e-05              0    1.40318e-06              0              0
        1698.24    7.13863e-09    2.91562e-10    1.23687e-05              0    1.63368e-06              0              0
         1737.8    7.65133e-09    2.98354e-10    1.26612e-05              0    1.89936e-06              0              0
        1778.28    8.21829e-09    3.05303e-10    1.29605e-05              0    2.19892e-06              0              0
         1819.7    8.84721e-09    3.12415e-10    1.32667e-05              0    2.53112e-06              0              0
        1862.09    9.54743e-09    3.19692e-10    1.35799e-05              0    2.89478e-06              0              0
        1905.46    1.03304e-08    3.27139e-10    1.39003e-05              0    3.28876e-06              0              0
        1949.84    1.12105e-08    3.34759e-10    1.42281e-05              0    3.71195e-06              0              0
        1995.26    1.22057e-08    3.42556e-10    1.45634e-05              0    4.18001e-06              0              0
        2041.74    1.33392e-08    3.50535e-10    1.49064e-05              0    4.71484e-06              0              0
         2089.3    1.46417e-08      3.587e-10    1.52573e-05              0    5.31976e-06              0              0
        2137.96    1.61545e-08    3.67055e-10    1.56163e-05              0    6.00604e-06              0              0
        2187.76    1.79351e-08    3.75605e-10    1.59836e-05              0    6.77077e-06              0              0
        2238.72     2.0067e-08    3.84354e-10    1.63594e-05              0    7.60997e-06              0              0
        2290.87    2.26778e-08    3.93307e-10    1.67439e-05              0    8.51902e-06              0              0
        2344.23    2.59761e-08    4.02468e-10    1.71372e-05              0    9.49196e-06              0              0
        2398.83    3.03407e-08    4.11843e-10    1.75396e-05              0    1.05201e-05              0              0
        2454.71    3.65803e-08    4.21436e-10    1.79513e-05              0    1.15878e-05              0              0
        2511.89    4.70988e-08    4.31253e-10    1.83725e-05              0    1.26584e-05              0              0
         2570.4    7.89626e-08    4.41298e-10    1.88035e-05              0    1.34918e-05              0              0
        2630.27    7.77013e-08    4.51577e-10    1.92444e-05              0     1.4958e-05              0              0
        2691.53    7.67725e-08    4.62095e-10    1.96956e-05              0    1.65082e-05              0              0
        2754.23    7.59273e-08    4.72859e-10    2.01571e-05              0    1.81435e-05              0              0
        2818.38    7.51065e-08    4.83873e-10    2.06294e-05              0    1.98629e-05              0              0
        2884.03    7.42784e-08    4.95144e-10    2.11126e-05              0    2.16648e-05              0              0
        2951.21    7.34201e-08    5.06678e-10     2.1607e-05              0    2.35492e-05              0              0
        3019.95     7.2512e-08     5.1848e-10    2.21129e-05              0     0.00535354     0.00523224    0.000121303
         3090.3    7.15362e-08    5.30557e-10    2.26305e-05              0     0.00577063     0.00565027    0.000120354
        3162.28    7.04751e-08    5.42915e-10      2.316e-05              0     0.00617636     0.00605703    0.000119327
        3235.94    6.93125e-08    5.55561e-10    2.37019e-05              0     0.00657374     0.00645544    0.000118295
        3311.31    6.80362e-08    5.68502e-10    2.42563e-05              0     0.00696503     0.00684775    0.000117281
        3388.44    6.66503e-08    5.81744e-10    2.48236e-05              0     0.00735229     0.00723571    0.000116578
        3467.37    6.52337e-08    5.95294e-10    2.54041e-05              0     0.00773665     0.00762077    0.000115878
        3548.13    6.48521e-08     6.0916e-10     2.5998e-05              0      0.0081189      0.0080041    0.000114808
        3630.78    2.94483e-08     6.2335e-10    2.66057e-05     0.00154567     0.00850037     0.00838669    0.000113681
        3715.35    1.91859e-08    6.37869e-10    2.72275e-05     0.00225075     0.00888243     0.00876941     0.00011302
        3801.89    1.32895e-08    6.52727e-10    2.78637e-05     0.00280515     0.00926526     0.00915301    0.000112251
        3890.45    9.47123e-09    6.67931e-10    2.85147e-05     0.00328693     0.00964951     0.00953813    0.000111378
        3981.07     6.9105e-09    6.83489e-10    2.91809e-05     0.00372523      0.0100362     0.00992539    0.000110783
         4073.8    5.21368e-09     6.9941e-10    2.98625e-05     0.00413468      0.0104255      0.0103153    0.000110187
        4168.69    4.16239e-09    7.15701e-10    3.05599e-05     0.00452388       0.010818      0.0107084    0.000109612
         4265.8    3.62458e-09    7.32372e-10    3.12736e-05     0.00489839      0.0112141       0.011105    0.000109021
        4365.16    3.51595e-09    7.49431e-10    3.20038e-05     0.00526206      0.0116142      0.0115058    0.000108464
        4466.84    3.78081e-09    7.66888e-10     3.2751e-05     0.00561769      0.0120189      0.0119109    0.000107956
        4570.88    4.38172e-09    7.84751e-10    3.35156e-05      0.0059674      0.0124284      0.0123209    0.000107564
        4677.35    5.29336e-09     8.0303e-10    3.42979e-05     0.00631287      0.0128434       0.012736    0.000107376
         4786.3    6.49882e-09    8.21735e-10    3.50984e-05     0.00665543      0.0132637      0.0131566    0.000107094
        4897.79    7.98707e-09    8.40876e-10    3.59175e-05     0.00699618      0.0136899      0.0135832     0.00010675
        5011.87    9.75131e-09    8.60462e-10    3.67557e-05     0.00733605      0.0141235      0.0140159    0.000107589
        5128.61    1.17877e-08    8.80505e-10    3.76134e-05     0.00767581      0.0145632      0.0144551    0.000108077
        5248.07    1.40945e-08    9.01014e-10     3.8491e-05     0.00801618      0.0150094      0.0149011    0.000108269
        5370.32    1.66712e-08    9.22002e-10     3.9389e-05     0.00835773      0.0154629      0.0153543    0.000108566
        5495.41    1.95178e-08    9.43478e-10    4.03079e-05     0.00870103      0.0159239      0.0158149    0.000108997
        5623.41    2.26342e-08    9.65454e-10    4.12481e-05     0.00904656      0.0163931      0.0162833    0.000109812
         5754.4    2.60194e-08    9.87943e-10    4.22103e-05     0.00939475      0.0168707      0.0167597    0.000110988
        5888.44    2.96708e-08    1.01095e-09    4.31948e-05     0.00974604      0.0173569      0.0172445     0.00011246
         6025.6    3.35828e-08     1.0345e-09    4.42022e-05      0.0101008      0.0178522      0.0177379    0.000114302
        6165.95    3.77464e-08     1.0586e-09    4.52331e-05      0.0104594      0.0183569      0.0182403    0.000116658
        6309.57    4.21464e-08    1.08326e-09    4.62879e-05      0.0108221      0.0188718      0.0187519    0.000119902
        6456.54    4.67602e-08    1.10849e-09    4.73673e-05      0.0111894       0.019397       0.019273    0.000123933
        6606.93    5.15546e-08    1.13431e-09    4.84718e-05      0.0115615      0.0199331      0.0198041    0.000128976
        6760.83     5.6481e-08    1.16073e-09     4.9602e-05      0.0119386      0.0204806      0.0203453    0.000135335
        6918.31    6.14701e-08    1.18777e-09    5.07585e-05      0.0123212      0.0210405       0.020897    0.000143479
        7079.46    6.64221e-08    1.21543e-09    5.19419e-05      0.0127095      0.0216136      0.0214595    0.000154059
        7244.36    7.11918e-08    1.24375e-09    5.31528e-05      0.0131038       0.022201      0.0220331    0.000167889
         7413.1    7.55642e-08    1.27272e-09    5.43919e-05      0.0135043      0.0228045      0.0226182    0.000186341
        7585.78    7.92081e-08    1.30236e-09    5.56599e-05      0.0139113      0.0234267       0.023215    0.000211665
        7762.47    8.15829e-08     1.3327e-09    5.69574e-05      0.0143251      0.0240719       0.023824    0.000247873
        7943.28    8.17106e-08    1.36374e-09    5.82851e-05       0.014746      0.0247485      0.0244454    0.000303144
        8128.31    7.74262e-08    1.39551e-09    5.96437e-05      0.0151742      0.0254798      0.0250796    0.000400275
        8317.64    5.99391e-08    1.42801e-09    6.10339e-05        0.01561      0.0263764      0.0257269    0.000649505
        8511.38    7.74549e-08    1.46127e-09    6.24564e-05      0.0160537      0.0822113      0.0814652    0.000746154
        8709.64    1.16419e-07    1.49531e-09    6.39121e-05      0.0165055       0.111936       0.111257    0.000679111
        8912.51    1.56768e-07    1.53014e-09    6.54017e-05      0.0169657       0.134862       0.134217    0.000645026
        9120.11    1.99622e-07    1.56578e-09    6.69259e-05      0.0174345       0.154707       0.154079    0.000627956
        9332.54    2.45512e-07    1.60226e-09    6.84857e-05      0.0179124       0.172755       0.172133    0.000622309
        9549.93    2.94819e-07    1.63958e-09    7.00817e-05      0.0183994       0.189633       0.189007    0.000625353
        9772.37    3.47875e-07    1.67777e-09    7.17149e-05       0.018896       0.205701       0.205064    0.000636813
