            100    3.53838e-14    1.71676e-13              0              0              0              0              0
        102.329    4.18887e-14    1.75675e-13              0              0              0              0              0
        104.713    5.01847e-14    1.79767e-13              0              0              0              0              0
        107.152    6.09898e-14    1.83955e-13              0              0              0              0              0
        109.648    7.54266e-14     1.8824e-13              0              0              0              0              0
        112.202    9.53363e-14    1.92625e-13              0              0              0              0              0
        114.815    1.23917e-13    1.97113e-13              0              0              0              0              0
         117.49    1.67151e-13    2.01704e-13              0              0              0              0              0
        120.226    2.37352e-13    2.06403e-13              0              0              0              0              0
        123.027    3.63474e-13    2.11211e-13              0              0              0              0              0
        125.893    6.28219e-13    2.16131e-13              0              0              0              0              0
        128.825    1.35735e-12    2.21166e-13              0              0              0              0              0
        131.826     5.0609e-12    2.26318e-13              0              0              0              0              0
        134.896    4.61779e-09     2.3159e-13              0              0              0              0              0
        138.038    5.19804e-12    2.36984e-13              0              0              0              0              0
        141.254     1.1663e-12    2.42505e-13              0              0              0              0              0
        144.544    4.67388e-13    2.48154e-13              0              0              0              0              0
        147.911    2.32871e-13    2.53934e-13              0              0              0              0              0
        151.356    1.28272e-13    2.59849e-13              0              0              0              0              0
        154.882    7.35607e-14    2.65902e-13              0              0              0              0              0
        158.489     4.2008e-14    2.72096e-13              0              0              0              0              0
        162.181    2.27494e-14    2.78435e-13              0              0              0              0              0
        165.959    1.07957e-14     2.8492e-13              0              0              0              0              0
        169.824    3.71565e-15    2.91557e-13              0              0              0              0              0
         173.78    3.82248e-16    2.98349e-13              0              0              0              0              0
        177.828    5.09126e-16    3.05298e-13              0              0              0              0              0
         181.97    4.63937e-15     3.1241e-13              0              0              0              0              0
        186.209    1.48494e-14    3.19687e-13              0              0              0              0              0
        190.546    4.00923e-14    3.27134e-13              0              0              0              0              0
        194.984     8.6648e-14    3.34754e-13              0              0              0              0              0
        199.526    1.09094e-13    3.42552e-13              0              0              0              0              0
        204.174    1.39591e-13    3.50531e-13              0              0              0              0              0
         208.93    1.91414e-13    3.58696e-13              0              0              0              0              0
        213.796    3.01026e-13    3.67051e-13    2.38154e-09              0              0              0              0
        218.776    3.24069e-13    3.75601e-13    4.15673e-09              0              0              0              0
        223.872    3.44021e-13     3.8435e-13    5.42513e-09              0              0              0              0
        229.087    3.62623e-13    3.93303e-13    6.49295e-09              0              0              0              0
        234.423    3.80378e-13    4.02465e-13     7.4488e-09              0              0              0              0
        239.883    3.97539e-13    4.11839e-13      8.333e-09              0              0              0              0
        245.471    4.14268e-13    4.21432e-13    9.16792e-09              0              0              0              0
        251.189    4.30688e-13    4.31249e-13    9.96751e-09              0              0              0              0
         257.04    4.46903e-13    4.41294e-13    1.07412e-08              0              0              0              0
        263.027    4.63006e-13    4.51573e-13    1.14956e-08              0              0              0              0
        269.153    4.79087e-13    4.62092e-13    1.22359e-08              0              0              0              0
        275.423     4.9524e-13    4.72856e-13    1.29658e-08              0    5.32905e-23              0              0
        281.838    5.11562e-13     4.8387e-13    1.36885e-08              0    3.98522e-21              0              0
        288.403    5.28165e-13    4.95141e-13    1.44064e-08              0    4.61822e-20              0              0
        295.121    5.45178e-13    5.06675e-13    1.51217e-08              0    2.62594e-19              0              0
        301.995    5.62756e-13    5.18477e-13    1.58361e-08              0    1.02326e-18              0              0
         309.03    5.81087e-13    5.30554e-13    1.65511e-08              0    3.15591e-18              0              0
        316.228     6.0041e-13    5.42912e-13    1.72682e-08              0    8.30791e-18              0              0
        323.594     6.2103e-13    5.55558e-13    1.79884e-08              0    1.95194e-17              0              0
        331.131    6.43343e-13    5.68499e-13    1.87129e-08              0    4.21211e-17              0              0
        338.844    6.67868e-13    5.81741e-13    1.94426e-08              0    8.51331e-17              0              0
        346.737    6.95302e-13    5.95292e-13    2.01784e-08              0    1.63444e-16              0              0
        354.813    7.26582e-13    6.09158e-13    2.09212e-08              0    3.01218e-16              0              0
        363.078    7.62992e-13    6.23347e-13    2.16717e-08              0    5.37246e-16              0              0
        371.535    8.06311e-13    6.37867e-13    2.24307e-08              0    9.33449e-16              0              0
        380.189    8.59043e-13    6.52725e-13    2.31989e-08              0    1.58852e-15              0              0
        389.045    9.24762e-13    6.67929e-13    2.39769e-08              0    2.66017e-15              0              0
        398.107    1.00867e-12    6.83487e-13    2.47654e-08              0    4.40209e-15              0              0
         407.38    1.11846e-12    6.99408e-13     2.5565e-08              0    7.55948e-15              0              0
        416.869    1.26586e-12    7.15699e-13    2.63763e-08              0    1.71668e-14              0              0
         426.58     1.4691e-12     7.3237e-13       2.72e-08              0    2.87231e-14              0              0
        436.516    1.75756e-12    7.49429e-13    2.80365e-08              0    3.84551e-14              0              0
        446.684     2.1804e-12    7.66886e-13    2.88865e-08              0    5.30252e-14              0              0
        457.088    2.82376e-12    7.84749e-13    2.97505e-08              0    1.02945e-13              0              0
        467.735    3.84778e-12    8.03028e-13    3.06292e-08              0     2.7487e-13              0              0
         478.63    5.57316e-12    8.21733e-13     3.1523e-08              0    7.95101e-13              0              0
        489.779    8.70925e-12    8.40874e-13    3.24326e-08              0    2.26903e-12              0              0
        501.187    1.50574e-11     8.6046e-13    3.33584e-08              0    6.47772e-12              0              0
        512.861     3.0243e-11    8.80503e-13    3.43011e-08              0    1.96914e-11              0              0
        524.807     7.9192e-11    9.01013e-13    3.52613e-08              0    7.26889e-11              0              0
        537.032    4.02005e-10       9.22e-13    3.62394e-08              0    4.91293e-10              0              0
        549.541    3.25244e-08    9.43476e-13    3.72361e-08              0    5.05456e-08              0              0
        562.341    3.41453e-10    9.65453e-13    3.82519e-08              0    6.50208e-10              0              0
         575.44    1.07849e-10    9.87941e-13    3.92875e-08              0    2.44175e-10              0              0
        588.844    5.68412e-11    1.01095e-12    4.03434e-08              0    1.49288e-10              0              0
         602.56    3.72848e-11     1.0345e-12    4.14202e-08              0    1.11324e-10              0              0
        616.595    2.76133e-11     1.0586e-12    4.25186e-08              0    9.21755e-11              0              0
        630.957    2.20797e-11    1.08326e-12    4.36391e-08              0    8.12668e-11              0              0
        645.654    1.86025e-11    1.10849e-12    4.47824e-08              0    7.46279e-11              0              0
        660.693    1.62709e-11    1.13431e-12     4.5949e-08              0    7.04669e-11              0              0
        676.083    1.46316e-11    1.16073e-12    4.71398e-08              0    6.78652e-11              0              0
        691.831    1.34353e-11    1.18777e-12    4.83552e-08              0    6.63059e-11              0              0
        707.946    1.25342e-11    1.21543e-12     4.9596e-08              0    6.54739e-11              0              0
        724.436    1.18336e-11    1.24374e-12    5.08628e-08              0    6.51632e-11              0              0
         741.31    1.12684e-11    1.27272e-12    5.21564e-08              0    6.52267e-11              0              0
        758.578    1.07898e-11    1.30236e-12    5.34774e-08              0    6.55448e-11              0              0
        776.247    1.03562e-11     1.3327e-12    5.48265e-08              0    6.60031e-11              0              0
        794.328     9.9272e-12    1.36374e-12    5.62046e-08              0      6.647e-11              0              0
        812.831    9.45696e-12     1.3955e-12    5.76122e-08              0    6.67755e-11              0              0
        831.764     8.8849e-12    1.42801e-12    5.90503e-08              0     6.6844e-11              0              0
        851.138    8.12113e-12    1.46127e-12    6.05195e-08              0    6.73593e-11              0              0
        870.964    7.01909e-12    1.49531e-12    6.20207e-08              0    7.04051e-11              0              0
        891.251    5.32816e-12    1.53014e-12    6.35546e-08              0    8.39206e-11              0              0
        912.011    2.70296e-12    1.56578e-12    6.51221e-08              0    1.46249e-10              0              0
        933.254    1.22397e-12    1.60225e-12     6.6724e-08              0    5.83632e-10              0              0
        954.993    9.34328e-10    1.63958e-12    6.83612e-08              0     4.7763e-08              0              0
        977.237    1.12281e-10    1.67777e-12    7.00345e-08              0    2.66045e-09              0              0
           1000    5.19421e-11    1.71685e-12    7.17449e-08              0    8.76051e-10              0              0
        1023.29    3.93046e-11    1.75684e-12    7.34932e-08              0    5.52309e-10              0              0
        1047.13    3.44862e-11    1.79776e-12    7.52805e-08              0    4.33052e-10              0              0
        1071.52    3.23171e-11    1.83963e-12    7.71075e-08              0    3.75606e-10              0              0
        1096.48    3.13816e-11    1.88249e-12    7.89754e-08              0    3.44056e-10              0              0
        1122.02    3.11434e-11    1.92633e-12    8.08851e-08              0    3.25569e-10              0              0
        1148.15    3.13583e-11     1.9712e-12    8.28376e-08              0    3.45916e-10              0              0
         1174.9    3.19017e-11    2.01712e-12     8.4834e-08              0    4.47143e-10              0              0
        1202.26    3.27057e-11     2.0641e-12    8.68754e-08              0    6.36914e-10              0              0
        1230.27     3.3732e-11    2.11218e-12    8.89627e-08              0    9.19701e-10              0              0
        1258.93    3.49599e-11    2.16138e-12    9.10972e-08              0     1.2986e-09              0              0
        1288.25    3.63789e-11    2.21173e-12    9.32799e-08              0    1.77496e-09              0              0
        1318.26     3.7986e-11    2.26325e-12    9.55121e-08              0    2.29285e-09              0              0
        1348.96    3.97836e-11    2.31596e-12    9.77948e-08              0    2.96263e-09              0              0
        1380.38     4.1778e-11    2.36991e-12    1.00129e-07              0    3.72829e-09              0              0
        1412.54    4.39791e-11    2.42511e-12    1.02517e-07              0    4.58858e-09              0              0
        1445.44    4.64003e-11     2.4816e-12    1.04959e-07              0    5.54209e-09              0              0
        1479.11    4.90581e-11     2.5394e-12    1.07457e-07              0    6.58728e-09              0              0
        1513.56    5.19726e-11    2.59855e-12    1.10011e-07              0    7.72258e-09              0              0
        1548.82    5.51673e-11    2.65908e-12    1.12624e-07              0    8.94805e-09              0              0
        1584.89    5.86704e-11    2.72102e-12    1.15296e-07              0    1.03769e-08              0              0
        1621.81    6.25144e-11     2.7844e-12     1.1803e-07              0    1.20712e-08              0              0
        1659.59    6.67379e-11    2.84926e-12    1.20826e-07              0    1.40318e-08              0              0
        1698.24    7.13863e-11    2.91562e-12    1.23687e-07              0    1.63368e-08              0              0
         1737.8    7.65133e-11    2.98354e-12    1.26612e-07              0    1.89936e-08              0              0
        1778.28    8.21829e-11    3.05303e-12    1.29605e-07              0    2.19892e-08              0              0
         1819.7    8.84721e-11    3.12415e-12    1.32667e-07              0    2.53112e-08              0              0
        1862.09    9.54743e-11    3.19692e-12    1.35799e-07              0    2.89478e-08              0              0
        1905.46    1.03304e-10    3.27139e-12    1.39003e-07              0    3.28876e-08              0              0
        1949.84    1.12105e-10    3.34759e-12    1.42281e-07              0    3.71195e-08              0              0
        1995.26    1.22057e-10    3.42556e-12    1.45634e-07              0    4.18001e-08              0              0
        2041.74    1.33392e-10    3.50535e-12    1.49064e-07              0    4.71484e-08              0              0
         2089.3    1.46417e-10      3.587e-12    1.52573e-07              0    5.31976e-08              0              0
        2137.96    1.61545e-10    3.67055e-12    1.56163e-07              0    6.00604e-08              0              0
        2187.76    1.79351e-10    3.75605e-12    1.59836e-07              0    6.77077e-08              0              0
        2238.72     2.0067e-10    3.84354e-12    1.63594e-07              0    7.60997e-08              0              0
        2290.87    2.26778e-10    3.93307e-12    1.67439e-07              0    8.51902e-08              0              0
        2344.23    2.59761e-10    4.02468e-12    1.71372e-07              0    9.49196e-08              0              0
        2398.83    3.03407e-10    4.11843e-12    1.75396e-07              0    1.05201e-07              0              0
        2454.71    3.65803e-10    4.21436e-12    1.79513e-07              0    1.15878e-07              0              0
        2511.89    4.70988e-10    4.31253e-12    1.83725e-07              0    1.26584e-07              0              0
         2570.4    7.89626e-10    4.41298e-12    1.88035e-07              0    1.34918e-07              0              0
        2630.27    7.77013e-10    4.51577e-12    1.92444e-07              0     1.4958e-07              0              0
        2691.53    7.67725e-10    4.62095e-12    1.96956e-07              0    1.65082e-07              0              0
        2754.23    7.59273e-10    4.72859e-12    2.01571e-07              0    1.81435e-07              0              0
        2818.38    7.51065e-10    4.83873e-12    2.06294e-07              0    1.98629e-07              0              0
        2884.03    7.42784e-10    4.95144e-12    2.11126e-07              0    2.16648e-07              0              0
        2951.21    7.34201e-10    5.06678e-12     2.1607e-07              0    2.35492e-07              0              0
        3019.95     7.2512e-10     5.1848e-12    2.21129e-07              0    5.35354e-05    5.23224e-05    1.21303e-06
         3090.3    7.15362e-10    5.30557e-12    2.26305e-07              0    5.77063e-05    5.65027e-05    1.20354e-06
        3162.28    7.04751e-10    5.42915e-12      2.316e-07              0    6.17636e-05    6.05703e-05    1.19327e-06
        3235.94    6.93125e-10    5.55561e-12    2.37019e-07              0    6.57374e-05    6.45544e-05    1.18295e-06
        3311.31    6.80362e-10    5.68502e-12    2.42563e-07              0    6.96503e-05    6.84775e-05    1.17281e-06
        3388.44    6.66503e-10    5.81744e-12    2.48236e-07              0    7.35229e-05    7.23571e-05    1.16578e-06
        3467.37    6.52337e-10    5.95294e-12    2.54041e-07              0    7.73665e-05    7.62077e-05    1.15878e-06
        3548.13    6.48521e-10     6.0916e-12     2.5998e-07              0     8.1189e-05     8.0041e-05    1.14808e-06
        3630.78    2.94483e-10     6.2335e-12    2.66057e-07    1.54567e-05    8.50037e-05    8.38669e-05    1.13681e-06
        3715.35    1.91859e-10    6.37869e-12    2.72275e-07    2.25075e-05    8.88243e-05    8.76941e-05     1.1302e-06
        3801.89    1.32895e-10    6.52727e-12    2.78637e-07    2.80515e-05    9.26526e-05    9.15301e-05    1.12251e-06
        3890.45    9.47123e-11    6.67931e-12    2.85147e-07    3.28693e-05    9.64951e-05    9.53813e-05    1.11378e-06
        3981.07     6.9105e-11    6.83489e-12    2.91809e-07    3.72523e-05    0.000100362    9.92539e-05    1.10783e-06
         4073.8    5.21368e-11     6.9941e-12    2.98625e-07    4.13468e-05    0.000104255    0.000103153    1.10187e-06
        4168.69    4.16239e-11    7.15701e-12    3.05599e-07    4.52388e-05     0.00010818    0.000107084    1.09612e-06
         4265.8    3.62458e-11    7.32372e-12    3.12736e-07    4.89839e-05    0.000112141     0.00011105    1.09021e-06
        4365.16    3.51595e-11    7.49431e-12    3.20038e-07    5.26206e-05    0.000116142    0.000115058    1.08464e-06
        4466.84    3.78081e-11    7.66888e-12     3.2751e-07    5.61769e-05    0.000120189    0.000119109    1.07956e-06
        4570.88    4.38172e-11    7.84751e-12    3.35156e-07     5.9674e-05    0.000124284    0.000123209    1.07564e-06
        4677.35    5.29336e-11     8.0303e-12    3.42979e-07    6.31287e-05    0.000128434     0.00012736    1.07376e-06
         4786.3    6.49882e-11    8.21735e-12    3.50984e-07    6.65543e-05    0.000132637    0.000131566    1.07094e-06
        4897.79    7.98707e-11    8.40876e-12    3.59175e-07    6.99618e-05    0.000136899    0.000135832     1.0675e-06
        5011.87    9.75131e-11    8.60462e-12    3.67557e-07    7.33605e-05    0.000141235    0.000140159    1.07589e-06
        5128.61    1.17877e-10    8.80505e-12    3.76134e-07    7.67581e-05    0.000145632    0.000144551    1.08077e-06
        5248.07    1.40945e-10    9.01014e-12     3.8491e-07    8.01618e-05    0.000150094    0.000149011    1.08269e-06
        5370.32    1.66712e-10    9.22002e-12     3.9389e-07    8.35773e-05    0.000154629    0.000153543    1.08566e-06
        5495.41    1.95178e-10    9.43478e-12    4.03079e-07    8.70103e-05    0.000159239    0.000158149    1.08997e-06
        5623.41    2.26342e-10    9.65454e-12    4.12481e-07    9.04656e-05    0.000163931    0.000162833    1.09812e-06
         5754.4    2.60194e-10    9.87943e-12    4.22103e-07    9.39475e-05    0.000168707    0.000167597    1.10988e-06
        5888.44    2.96708e-10    1.01095e-11    4.31948e-07    9.74604e-05    0.000173569    0.000172445     1.1246e-06
         6025.6    3.35828e-10     1.0345e-11    4.42022e-07    0.000101008    0.000178522    0.000177379    1.14302e-06
        6165.95    3.77464e-10     1.0586e-11    4.52331e-07    0.000104594    0.000183569    0.000182403    1.16658e-06
        6309.57    4.21464e-10    1.08326e-11    4.62879e-07    0.000108221    0.000188718    0.000187519    1.19902e-06
        6456.54    4.67602e-10    1.10849e-11    4.73673e-07    0.000111894     0.00019397     0.00019273    1.23933e-06
        6606.93    5.15546e-10    1.13431e-11    4.84718e-07    0.000115615    0.000199331    0.000198041    1.28976e-06
        6760.83     5.6481e-10    1.16073e-11     4.9602e-07    0.000119386    0.000204806    0.000203453    1.35335e-06
        6918.31    6.14701e-10    1.18777e-11    5.07585e-07    0.000123212    0.000210405     0.00020897    1.43479e-06
        7079.46    6.64221e-10    1.21543e-11    5.19419e-07    0.000127095    0.000216136    0.000214595    1.54059e-06
        7244.36    7.11918e-10    1.24375e-11    5.31528e-07    0.000131038     0.00022201    0.000220331    1.67889e-06
         7413.1    7.55642e-10    1.27272e-11    5.43919e-07    0.000135043    0.000228045    0.000226182    1.86341e-06
        7585.78    7.92081e-10    1.30236e-11    5.56599e-07    0.000139113    0.000234267     0.00023215    2.11665e-06
        7762.47    8.15829e-10     1.3327e-11    5.69574e-07    0.000143251    0.000240719     0.00023824    2.47873e-06
        7943.28    8.17106e-10    1.36374e-11    5.82851e-07     0.00014746    0.000247485    0.000244454    3.03144e-06
        8128.31    7.74262e-10    1.39551e-11    5.96437e-07    0.000151742    0.000254798    0.000250796    4.00275e-06
        8317.64    5.99391e-10    1.42801e-11    6.10339e-07      0.0001561    0.000263764    0.000257269    6.49505e-06
        8511.38    7.74549e-10    1.46127e-11    6.24564e-07    0.000160537    0.000822113    0.000814652    7.46154e-06
        8709.64    1.16419e-09    1.49531e-11    6.39121e-07    0.000165055     0.00111936     0.00111257    6.79111e-06
        8912.51    1.56768e-09    1.53014e-11    6.54017e-07    0.000169657     0.00134862     0.00134217    6.45026e-06
        9120.11    1.99622e-09    1.56578e-11    6.69259e-07    0.000174345     0.00154707     0.00154079    6.27956e-06
        9332.54    2.45512e-09    1.60226e-11    6.84857e-07    0.000179124     0.00172755     0.00172133    6.22309e-06
        9549.93    2.94819e-09    1.63958e-11    7.00817e-07    0.000183994     0.00189633     0.00189007    6.25353e-06
        9772.37    3.47875e-09    1.67777e-11    7.17149e-07     0.00018896     0.00205701     0.00205064    6.36813e-06
