            100       0.170886       0.829114              0              0              0              0              0
        102.329       0.192534       0.807466              0              0              0              0              0
        104.713       0.218238       0.781762              0              0              0              0              0
        107.152       0.248992       0.751008              0              0              0              0              0
        109.648       0.286065       0.713935              0              0              0              0              0
        112.202        0.33107        0.66893              0              0              0              0              0
        114.815       0.385995       0.614005              0              0              0              0              0
         117.49       0.453156       0.546844              0              0              0              0              0
        120.226       0.534866       0.465134              0              0              0              0              0
        123.027       0.632468       0.367532              0              0              0              0              0
        125.893       0.744017       0.255983              0              0              0              0              0
        128.825       0.859879       0.140121              0              0              0              0              0
        131.826       0.957184      0.0428157              0              0              0              0              0
        134.896       0.999941    5.91015e-05              0              0              0              0              0
        138.038       0.956392      0.0436085              0              0              0              0              0
        141.254       0.827863       0.172137              0              0              0              0              0
        144.544       0.653196       0.346804              0              0              0              0              0
        147.911       0.478369       0.521631              0              0              0              0              0
        151.356       0.330496       0.669504              0              0              0              0              0
        154.882       0.216699       0.783301              0              0              0              0              0
        158.489        0.13374        0.86626              0              0              0              0              0
        162.181      0.0755342       0.924466              0              0              0              0              0
        165.959      0.0365075       0.963492              0              0              0              0              0
        169.824      0.0125841       0.987416              0              0              0              0              0
         173.78     0.00127964        0.99872              0              0              0              0              0
        177.828     0.00166479       0.998335              0              0              0              0              0
         181.97      0.0146328       0.985367              0              0              0              0              0
        186.209      0.0443878       0.955612              0              0              0              0              0
        190.546       0.109176       0.890824              0              0              0              0              0
        194.984       0.205618       0.794382              0              0              0              0              0
        199.526       0.241547       0.758453              0              0              0              0              0
        204.174       0.284808       0.715192              0              0              0              0              0
         208.93       0.347956       0.652044              0              0              0              0              0
        213.796    0.000126364     0.00015408        0.99972              0              0              0              0
        218.776    7.79494e-05    9.03446e-05       0.999832              0              0              0              0
        223.872     6.3404e-05    7.08368e-05       0.999866              0              0              0              0
        229.087    5.58422e-05    6.05668e-05       0.999884              0              0              0              0
        234.423    5.10603e-05    5.40251e-05       0.999895              0              0              0              0
        239.883    4.77019e-05    4.94179e-05       0.999903              0              0              0              0
        245.471    4.51825e-05     4.5964e-05       0.999909              0              0              0              0
        251.189    4.32054e-05    4.32617e-05       0.999914              0              0              0              0
         257.04    4.16031e-05    4.10809e-05       0.999917              0              0              0              0
        263.027    4.02734e-05     3.9279e-05        0.99992              0              0              0              0
        269.153    3.91512e-05    3.77624e-05       0.999923              0              0              0              0
        275.423    3.81929e-05    3.64667e-05       0.999925              0    4.10977e-15              0              0
        281.838     3.7369e-05    3.53461e-05       0.999927              0    2.91115e-13              0              0
        288.403    3.66592e-05    3.43671e-05       0.999929              0    3.20544e-12              0              0
        295.121    3.60502e-05    3.35042e-05        0.99993              0    1.73642e-11              0              0
        301.995    3.55339e-05     3.2738e-05       0.999932              0    6.46111e-11              0              0
         309.03    3.51062e-05    3.20533e-05       0.999933              0    1.90664e-10              0              0
        316.228    3.47675e-05     3.1438e-05       0.999934              0     4.8108e-10              0              0
        323.594    3.45217e-05    3.08823e-05       0.999935              0    1.08504e-09              0              0
        331.131    3.43775e-05    3.03782e-05       0.999935              0    2.25077e-09              0              0
        338.844    3.43486e-05    2.99191e-05       0.999936              0    4.37841e-09              0              0
        346.737    3.44555e-05    2.94995e-05       0.999936              0    8.09944e-09              0              0
        354.813    3.47272e-05    2.91149e-05       0.999936              0    1.43968e-08              0              0
        363.078    3.52045e-05    2.87613e-05       0.999936              0    2.47886e-08              0              0
        371.535    3.59444e-05    2.84354e-05       0.999936              0     4.1612e-08              0              0
        380.189     3.7027e-05    2.81342e-05       0.999935              0    6.84693e-08              0              0
        389.045    3.85663e-05    2.78553e-05       0.999933              0     1.1094e-07              0              0
        398.107     4.0726e-05    2.75966e-05       0.999931              0    1.77739e-07              0              0
         407.38    4.37466e-05     2.7356e-05       0.999929              0    2.95675e-07              0              0
        416.869    4.79884e-05    2.71321e-05       0.999924              0     6.5079e-07              0              0
         426.58    5.40064e-05    2.69232e-05       0.999918              0    1.05591e-06              0              0
        436.516    6.26824e-05    2.67281e-05       0.999909              0    1.37149e-06              0              0
        446.684    7.54734e-05    2.65455e-05       0.999896              0    1.83544e-06              0              0
        457.088    9.49024e-05    2.63743e-05       0.999875              0    3.45982e-06              0              0
        467.735    0.000125604    2.62135e-05       0.999839              0    8.97256e-06              0              0
         478.63    0.000176755    2.60618e-05       0.999772              0    2.52167e-05              0              0
        489.779    0.000268433    2.59174e-05       0.999636              0    6.99348e-05              0              0
        501.187    0.000451073    2.57771e-05       0.999329              0    0.000194051              0              0
        512.861    0.000880362    2.56318e-05       0.998521              0    0.000573205              0              0
        524.807     0.00223603    2.54423e-05       0.995686              0      0.0020524              0              0
        537.032       0.010823    2.48294e-05       0.975925              0      0.0132267              0              0
        549.541       0.268813    7.94046e-06       0.313385              0       0.417794              0              0
        562.341     0.00869931     2.4601e-05        0.97471              0      0.0165657              0              0
         575.44     0.00272058    2.49225e-05       0.991095              0     0.00615951              0              0
        588.844     0.00140171    2.49307e-05       0.994892              0     0.00368146              0              0
         602.56    0.000896911    2.48858e-05         0.9964              0     0.00267797              0              0
        616.595    0.000647596    2.48267e-05       0.997166              0     0.00216173              0              0
        630.957    0.000504752    2.47638e-05       0.997613              0      0.0018578              0              0
        645.654    0.000414523    2.47008e-05       0.997898              0     0.00166295              0              0
        660.693    0.000353432    2.46391e-05       0.998091              0     0.00153066              0              0
        676.083    0.000309837    2.45795e-05       0.998228              0     0.00143711              0              0
        691.831    0.000277382    2.45223e-05       0.998329              0     0.00136893              0              0
        707.946    0.000252322    2.44676e-05       0.998405              0     0.00131804              0              0
        724.436    0.000232299    2.44154e-05       0.998464              0     0.00127919              0              0
         741.31    0.000215729    2.43656e-05       0.998511              0     0.00124874              0              0
        758.578    0.000201471    2.43182e-05        0.99855              0     0.00122388              0              0
        776.247    0.000188622    2.42731e-05       0.998585              0     0.00120215              0              0
        794.328    0.000176382    2.42303e-05       0.998618              0     0.00118101              0              0
        812.831    0.000163928    2.41898e-05       0.998654              0     0.00115749              0              0
        831.764    0.000150267    2.41514e-05       0.998695              0     0.00113051              0              0
        851.138     0.00013402    2.41148e-05        0.99873              0     0.00111161              0              0
        870.964     0.00011303    2.40792e-05       0.998729              0     0.00113375              0              0
        891.251    8.37164e-05    2.40417e-05       0.998574              0     0.00131857              0              0
        912.011    4.14102e-05    2.39884e-05       0.997694              0     0.00224058              0              0
        933.254    1.81839e-05    2.38039e-05       0.991287              0     0.00867075              0              0
        954.993     0.00798124    1.40067e-05          0.584              0       0.408005              0              0
        977.237     0.00154212    2.30434e-05       0.961895              0        0.03654              0              0
           1000    0.000714721    2.36237e-05       0.987207              0      0.0120544              0              0
        1023.29    0.000530522    2.37133e-05       0.991991              0      0.0074549              0              0
        1047.13    0.000455264    2.37329e-05       0.993804              0     0.00571687              0              0
        1071.52    0.000416902    2.37319e-05       0.994714              0     0.00484544              0              0
        1096.48     0.00039547     2.3723e-05       0.995245              0     0.00433578              0              0
        1122.02    0.000383333    2.37105e-05       0.995586              0     0.00400731              0              0
        1148.15    0.000376826    2.36875e-05       0.995443              0      0.0041568              0              0
         1174.9    0.000373928    2.36432e-05       0.994361              0     0.00524108              0              0
        1202.26    0.000373578    2.35771e-05       0.992328              0     0.00727511              0              0
        1230.27    0.000375141      2.349e-05       0.989373              0      0.0102282              0              0
        1258.93    0.000378219    2.33833e-05       0.985549              0      0.0140492              0              0
        1288.25    0.000382559    2.32585e-05       0.980929              0      0.0186654              0              0
        1318.26    0.000388226    2.31309e-05       0.976155              0      0.0234335              0              0
        1348.96     0.00039468    2.29759e-05       0.970191              0      0.0293913              0              0
        1380.38    0.000402091    2.28091e-05       0.963692              0      0.0358828              0              0
        1412.54    0.000410437    2.26324e-05       0.956744              0      0.0428231              0              0
        1445.44    0.000419722    2.24478e-05       0.949426              0       0.050132              0              0
        1479.11    0.000429974    2.22568e-05       0.941813              0      0.0577348              0              0
        1513.56    0.000441237    2.20612e-05       0.933973              0      0.0655632              0              0
        1548.82    0.000453568    2.18621e-05       0.925957              0      0.0735679              0              0
        1584.89     0.00046662     2.1641e-05       0.916982              0      0.0825298              0              0
        1621.81    0.000480264    2.13911e-05       0.906762              0      0.0927364              0              0
        1659.59     0.00049462    2.11169e-05       0.895489              0       0.103995              0              0
        1698.24    0.000509547    2.08114e-05        0.88286              0        0.11661              0              0
         1737.8    0.000525195    2.04793e-05       0.869081              0       0.130374              0              0
        1778.28    0.000541819    2.01282e-05       0.854467              0       0.144971              0              0
         1819.7    0.000559703    1.97644e-05       0.839294              0       0.160127              0              0
        1862.09    0.000579175    1.93934e-05       0.823796              0       0.175606              0              0
        1905.46    0.000600617      1.902e-05        0.80817              0        0.19121              0              0
        1949.84    0.000624487    1.86479e-05       0.792581              0       0.206776              0              0
        1995.26    0.000650764    1.82639e-05       0.776467              0       0.222864              0              0
        2041.74    0.000679363    1.78526e-05       0.759178              0       0.240125              0              0
         2089.3    0.000711038    1.74193e-05       0.740932              0        0.25834              0              0
        2137.96     0.00074655    1.69628e-05       0.721679              0       0.277558              0              0
        2187.76     0.00078757    1.64936e-05       0.701877              0       0.297319              0              0
        2238.72     0.00083648    1.60215e-05       0.681931              0       0.317217              0              0
        2290.87    0.000896852    1.55544e-05        0.66218              0       0.336907              0              0
        2344.23    0.000974513    1.50989e-05       0.642913              0       0.356097              0              0
        2398.83     0.00108011    1.46613e-05       0.624397              0       0.374509              0              0
        2454.71     0.00123682    1.42492e-05       0.606952              0       0.391797              0              0
        2511.89     0.00151548    1.38762e-05       0.591166              0       0.407305              0              0
         2570.4     0.00243902     1.3631e-05       0.580808              0       0.416739              0              0
        2630.27     0.00226663     1.3173e-05        0.56138              0        0.43634              0              0
        2691.53     0.00211605    1.27366e-05       0.542862              0       0.455009              0              0
        2754.23     0.00197846    1.23214e-05       0.525239              0        0.47277              0              0
        2818.38     0.00185138    1.19275e-05       0.508516              0       0.489621              0              0
        2884.03     0.00173336    1.15547e-05       0.492685              0        0.50557              0              0
        2951.21     0.00162326    1.12022e-05       0.477713              0       0.520652              0              0
        3019.95    1.34888e-05    9.64483e-08     0.00411347              0       0.995873       0.973308       0.022565
         3090.3     1.2348e-05    9.15806e-08      0.0039063              0       0.996081       0.975307      0.0207746
        3162.28    1.13677e-05    8.75727e-08     0.00373574              0       0.996253       0.977005      0.0192476
        3235.94    1.05059e-05    8.42077e-08     0.00359255              0       0.996397       0.978467      0.0179302
        3311.31    9.73426e-06    8.13382e-08     0.00347047              0        0.99652        0.97974      0.0167799
        3388.44    9.03465e-06    7.88572e-08     0.00336492              0       0.996626       0.980824      0.0158024
        3467.37    8.40411e-06    7.66923e-08     0.00327283              0       0.996719        0.98179      0.0149287
        3548.13    7.96223e-06    7.47898e-08     0.00319191              0         0.9968       0.982705      0.0140955
        3630.78    2.92359e-06    6.18852e-08     0.00264137       0.153451       0.843904       0.832618      0.0112861
        3715.35     1.7191e-06    5.71545e-08     0.00243964       0.201673       0.795886       0.785759      0.0101268
        3801.89    1.09846e-06    5.39521e-08     0.00230311       0.231863       0.765832       0.756554     0.00927825
        3890.45    7.30525e-07    5.15181e-08     0.00219937       0.253524       0.744276       0.735685     0.00859068
        3981.07    5.01103e-07     4.9562e-08       0.002116       0.270128       0.727755       0.719722     0.00803325
         4073.8    3.57345e-07    4.79375e-08     0.00204677       0.283391       0.714562        0.70701     0.00755223
        4168.69     2.7077e-07    4.65575e-08     0.00198797       0.294285       0.703726       0.696596     0.00713042
         4265.8    2.24519e-07    4.53657e-08      0.0019372       0.303424       0.694639       0.687886     0.00675314
        4365.16    2.07942e-07    4.43233e-08     0.00189279       0.311212       0.686895        0.68048     0.00641482
        4466.84    2.13976e-07    4.34023e-08     0.00185355       0.317935       0.680211       0.674101     0.00610983
        4570.88    2.37758e-07    4.25816e-08      0.0018186       0.323799       0.674382       0.668545     0.00583658
        4677.35    2.75832e-07    4.18451e-08     0.00178723       0.328958       0.669255        0.66366     0.00559528
         4786.3    3.25685e-07    4.11809e-08     0.00175894       0.333534       0.664707        0.65934     0.00536695
        4897.79    3.85439e-07    4.05788e-08      0.0017333       0.337621       0.660646       0.655494     0.00515151
        5011.87    4.53628e-07    4.00284e-08     0.00170986       0.341271       0.657019       0.652014     0.00500499
        5128.61    5.29153e-07     3.9526e-08     0.00168847       0.344568       0.653743       0.648891     0.00485157
        5248.07    6.11103e-07    3.90657e-08     0.00166887       0.347561        0.65077       0.646075     0.00469429
        5370.32     6.9871e-07    3.86421e-08     0.00165084       0.350282       0.648067       0.643516     0.00455014
        5495.41    7.91307e-07    3.82512e-08     0.00163419       0.352764       0.645601       0.641182     0.00441905
        5623.41     8.8828e-07    3.78893e-08     0.00161878       0.355032       0.643348       0.639039     0.00430957
         5754.4    9.89042e-07    3.75534e-08     0.00160448        0.35711       0.641284       0.637065     0.00421886
        5888.44      1.093e-06    3.72411e-08     0.00159119        0.35902       0.639387       0.635245     0.00414275
         6025.6    1.19951e-06    3.69502e-08     0.00157881       0.360778       0.637642       0.633559     0.00408262
        6165.95    1.30784e-06    3.66785e-08     0.00156724       0.362398       0.636033       0.631991       0.004042
        6309.57    1.41715e-06     3.6424e-08     0.00155641       0.363889       0.634554       0.630522     0.00403163
        6456.54    1.52643e-06    3.61852e-08     0.00154624       0.365263       0.633189       0.629143     0.00404562
        6606.93    1.63442e-06    3.59607e-08     0.00153669        0.36653       0.631932       0.627843     0.00408887
        6760.83    1.73954e-06     3.5749e-08     0.00152768       0.367694       0.630776       0.626608     0.00416813
        6918.31    1.83973e-06    3.55486e-08     0.00151915       0.368761       0.629718       0.625424     0.00429416
        7079.46    1.93227e-06     3.5358e-08     0.00151103        0.36973       0.628757       0.624275     0.00448172
        7244.36    2.01346e-06    3.51758e-08     0.00150328       0.370602       0.627892       0.623144     0.00474826
         7413.1    2.07804e-06    3.50001e-08     0.00149579       0.371371       0.627131       0.622007     0.00512443
        7585.78    2.11822e-06    3.48284e-08     0.00148848       0.372022       0.626488       0.620827     0.00566044
        7762.47    2.12157e-06    3.46569e-08     0.00148118       0.372526       0.625991       0.619545     0.00644596
        7943.28    2.06586e-06    3.44789e-08      0.0014736       0.372817       0.625707       0.618043     0.00766427
        8128.31    1.90172e-06     3.4276e-08     0.00146495       0.372704       0.625829       0.615998     0.00983145
        8317.64    1.42551e-06    3.39619e-08     0.00145155       0.371247         0.6273       0.611853      0.0154469
        8511.38    7.87723e-07    1.48613e-08    0.000635188       0.163267       0.836097       0.828508     0.00758845
        8709.64    9.05946e-07    1.16362e-08    0.000497349       0.128442        0.87106       0.865775     0.00528468
        8912.51    1.03209e-06    1.00738e-08    0.000430576       0.111694       0.887874       0.883627     0.00424657
        9120.11    1.15919e-06    9.09236e-09    0.000388633       0.101241       0.898369       0.894723     0.00364648
        9332.54    1.28718e-06    8.40037e-09     0.00035906      0.0939117       0.905728       0.902465     0.00326267
        9549.93     1.4167e-06     7.8787e-09    0.000336766      0.0884152       0.911247       0.908242     0.00300503
        9772.37    1.54839e-06    7.46772e-09    0.000319202      0.0841057       0.915574       0.912739     0.00283445
