            100    2.07059e-11     2.0706e-13     2.0706e-15     2.0706e-17     2.0706e-19
        102.329    2.17563e-11    2.17564e-13    2.17564e-15    2.17564e-17    2.17564e-19
        104.713    2.29952e-11    2.29952e-13    2.29952e-15    2.29952e-17    2.29952e-19
        107.152    2.44944e-11    2.44945e-13    2.44945e-15    2.44945e-17    2.44945e-19
        109.648    2.63666e-11    2.63667e-13    2.63667e-15    2.63667e-17    2.63667e-19
        112.202     2.8796e-11    2.87962e-13    2.87962e-15    2.87962e-17    2.87962e-19
        114.815    3.21028e-11     3.2103e-13     3.2103e-15     3.2103e-17     3.2103e-19
         117.49    3.68852e-11    3.68855e-13    3.68855e-15    3.68855e-17    3.68855e-19
        120.226    4.43749e-11    4.43755e-13    4.43755e-15    4.43755e-17    4.43755e-19
        123.027    5.74673e-11    5.74685e-13    5.74685e-15    5.74685e-17    5.74685e-19
        125.893    8.44319e-11     8.4435e-13    8.44351e-15    8.44351e-17    8.44351e-19
        128.825    1.57839e-10    1.57851e-12    1.57851e-14    1.57851e-16    1.57851e-18
        131.826    5.28586e-10    5.28722e-12    5.28723e-14    5.28723e-16    5.28723e-18
        134.896    3.91851e-07    4.61802e-09    4.62643e-11    4.62652e-13    4.62652e-15
        138.038    5.43437e-10    5.43503e-12    5.43504e-14    5.43504e-16    5.43504e-18
        141.254    1.40879e-10     1.4088e-12     1.4088e-14     1.4088e-16     1.4088e-18
        144.544    7.15545e-11    7.15541e-13    7.15541e-15    7.15541e-17    7.15541e-19
        147.911    4.86808e-11    4.86806e-13    4.86805e-15    4.86805e-17    4.86805e-19
        151.356    3.88122e-11    3.88121e-13    3.88121e-15    3.88121e-17    3.88121e-19
        154.882    3.39464e-11    3.39463e-13    3.39463e-15    3.39463e-17    3.39463e-19
        158.489    3.14105e-11    3.14104e-13    3.14104e-15    3.14104e-17    3.14104e-19
        162.181    3.01184e-11    3.01184e-13    3.01184e-15    3.01184e-17    3.01184e-19
        165.959    2.95716e-11    2.95716e-13    2.95716e-15    2.95716e-17    2.95716e-19
        169.824    2.95273e-11    2.95273e-13    2.95273e-15    2.95273e-17    2.95273e-19
         173.78    2.98731e-11    2.98731e-13    2.98731e-15    2.98731e-17    2.98731e-19
        177.828    3.05808e-11    3.05808e-13    3.05808e-15    3.05808e-17    3.05808e-19
         181.97    3.17049e-11    3.17049e-13    3.17049e-15    3.17049e-17    3.17049e-19
        186.209    3.34536e-11    3.34537e-13    3.34537e-15    3.34537e-17    3.34537e-19
        190.546    3.67226e-11    3.67226e-13    3.67226e-15    3.67226e-17    3.67226e-19
        194.984    4.21402e-11    4.21402e-13    4.21402e-15    4.21402e-17    4.21402e-19
        199.526    4.51645e-11    4.51645e-13    4.51645e-15    4.51645e-17    4.51645e-19
        204.174    4.90121e-11    4.90121e-13    4.90121e-15    4.90121e-17    4.90121e-19
         208.93     5.5011e-11     5.5011e-13     5.5011e-15     5.5011e-17     5.5011e-19
        213.796    2.38221e-07    2.38221e-09    2.38221e-11    2.38221e-13    2.38221e-15
        218.776    4.15743e-07    4.15743e-09    4.15743e-11    4.15743e-13    4.15743e-15
        223.872    5.42586e-07    5.42586e-09    5.42586e-11    5.42586e-13    5.42586e-15
        229.087    6.49371e-07    6.49371e-09    6.49371e-11    6.49371e-13    6.49371e-15
        234.423    7.44958e-07    7.44958e-09    7.44958e-11    7.44958e-13    7.44958e-15
        239.883    8.33381e-07    8.33381e-09    8.33381e-11    8.33381e-13    8.33381e-15
        245.471    9.16876e-07    9.16876e-09    9.16876e-11    9.16876e-13    9.16876e-15
        251.189    9.96837e-07    9.96837e-09    9.96837e-11    9.96837e-13    9.96837e-15
         257.04    1.07421e-06    1.07421e-08    1.07421e-10    1.07421e-12    1.07421e-14
        263.027    1.14965e-06    1.14965e-08    1.14965e-10    1.14965e-12    1.14965e-14
        269.153    1.22368e-06    1.22368e-08    1.22368e-10    1.22368e-12    1.22368e-14
        275.423    1.29668e-06    1.29668e-08    1.29668e-10    1.29668e-12    1.29668e-14
        281.838    1.36895e-06    1.36895e-08    1.36895e-10    1.36895e-12    1.36895e-14
        288.403    1.44074e-06    1.44074e-08    1.44074e-10    1.44074e-12    1.44074e-14
        295.121    1.51227e-06    1.51227e-08    1.51227e-10    1.51227e-12    1.51227e-14
        301.995    1.58372e-06    1.58372e-08    1.58372e-10    1.58372e-12    1.58372e-14
         309.03    1.65522e-06    1.65522e-08    1.65522e-10    1.65522e-12    1.65522e-14
        316.228    1.72693e-06    1.72693e-08    1.72693e-10    1.72693e-12    1.72693e-14
        323.594    1.79896e-06    1.79896e-08    1.79896e-10    1.79896e-12    1.79896e-14
        331.131    1.87141e-06    1.87141e-08    1.87141e-10    1.87141e-12    1.87141e-14
        338.844    1.94438e-06    1.94438e-08    1.94438e-10    1.94438e-12    1.94438e-14
        346.737    2.01797e-06    2.01797e-08    2.01797e-10    2.01797e-12    2.01797e-14
        354.813    2.09225e-06    2.09225e-08    2.09225e-10    2.09225e-12    2.09225e-14
        363.078    2.16731e-06    2.16731e-08    2.16731e-10    2.16731e-12    2.16731e-14
        371.535    2.24322e-06    2.24322e-08    2.24322e-10    2.24322e-12    2.24322e-14
        380.189    2.32004e-06    2.32004e-08    2.32004e-10    2.32004e-12    2.32004e-14
        389.045    2.39785e-06    2.39785e-08    2.39785e-10    2.39785e-12    2.39785e-14
        398.107    2.47671e-06    2.47671e-08    2.47671e-10    2.47671e-12    2.47671e-14
         407.38    2.55668e-06    2.55668e-08    2.55668e-10    2.55668e-12    2.55668e-14
        416.869    2.63783e-06    2.63783e-08    2.63783e-10    2.63783e-12    2.63783e-14
         426.58    2.72022e-06    2.72022e-08    2.72022e-10    2.72022e-12    2.72022e-14
        436.516     2.8039e-06     2.8039e-08     2.8039e-10     2.8039e-12     2.8039e-14
        446.684    2.88895e-06    2.88895e-08    2.88895e-10    2.88895e-12    2.88895e-14
        457.088    2.97543e-06    2.97543e-08    2.97543e-10    2.97543e-12    2.97543e-14
        467.735    3.06341e-06    3.06341e-08    3.06341e-10    3.06341e-12    3.06341e-14
         478.63    3.15302e-06    3.15302e-08    3.15302e-10    3.15302e-12    3.15302e-14
        489.779    3.24444e-06    3.24444e-08    3.24444e-10    3.24444e-12    3.24444e-14
        501.187    3.33808e-06    3.33808e-08    3.33808e-10    3.33808e-12    3.33808e-14
        512.861    3.43519e-06    3.43519e-08    3.43519e-10    3.43519e-12    3.43519e-14
        524.807     3.5414e-06     3.5414e-08     3.5414e-10     3.5414e-12     3.5414e-14
        537.032    3.71333e-06    3.71336e-08    3.71336e-10    3.71336e-12    3.71336e-14
        549.541    1.18819e-05    1.20307e-07    1.20322e-09    1.20322e-11    1.20322e-13
        562.341    3.92444e-06    3.92446e-08    3.92446e-10    3.92446e-12    3.92446e-14
         575.44    3.96405e-06    3.96405e-08    3.96405e-10    3.96405e-12    3.96405e-14
        588.844    4.05505e-06    4.05506e-08    4.05506e-10    4.05506e-12    4.05506e-14
         602.56    4.15699e-06    4.15699e-08    4.15699e-10    4.15699e-12    4.15699e-14
        616.595    4.26394e-06    4.26394e-08    4.26394e-10    4.26394e-12    4.26394e-14
        630.957    4.37435e-06    4.37435e-08    4.37435e-10    4.37435e-12    4.37435e-14
        645.654    4.48767e-06    4.48767e-08    4.48767e-10    4.48767e-12    4.48767e-14
        660.693    4.60369e-06    4.60369e-08    4.60369e-10    4.60369e-12    4.60369e-14
        676.083    4.72234e-06    4.72234e-08    4.72234e-10    4.72234e-12    4.72234e-14
        691.831    4.84361e-06    4.84361e-08    4.84361e-10    4.84361e-12    4.84361e-14
        707.946    4.96752e-06    4.96752e-08    4.96752e-10    4.96752e-12    4.96752e-14
        724.436     5.0941e-06     5.0941e-08     5.0941e-10     5.0941e-12     5.0941e-14
         741.31    5.22341e-06    5.22341e-08    5.22341e-10    5.22341e-12    5.22341e-14
        758.578     5.3555e-06     5.3555e-08     5.3555e-10     5.3555e-12     5.3555e-14
        776.247    5.49042e-06    5.49042e-08    5.49042e-10    5.49042e-12    5.49042e-14
        794.328    5.62823e-06    5.62823e-08    5.62823e-10    5.62823e-12    5.62823e-14
        812.831    5.76899e-06    5.76899e-08    5.76899e-10    5.76899e-12    5.76899e-14
        831.764    5.91274e-06    5.91274e-08    5.91274e-10    5.91274e-12    5.91274e-14
        851.138    6.05964e-06    6.05964e-08    6.05964e-10    6.05964e-12    6.05964e-14
        870.964    6.20996e-06    6.20996e-08    6.20996e-10    6.20996e-12    6.20996e-14
        891.251    6.36454e-06    6.36454e-08    6.36454e-10    6.36454e-12    6.36454e-14
        912.011    6.52726e-06    6.52726e-08    6.52726e-10    6.52726e-12    6.52726e-14
        933.254    6.73104e-06    6.73104e-08    6.73104e-10    6.73104e-12    6.73104e-14
        954.993    1.17057e-05     1.1706e-07     1.1706e-09     1.1706e-11     1.1706e-13
        977.237    7.28089e-06    7.28089e-08    7.28089e-10    7.28089e-12    7.28089e-14
           1000    7.26746e-06    7.26746e-08    7.26746e-10    7.26746e-12    7.26746e-14
        1023.29    7.40866e-06    7.40866e-08    7.40866e-10    7.40866e-12    7.40866e-14
        1047.13    7.57498e-06    7.57498e-08    7.57498e-10    7.57498e-12    7.57498e-14
        1071.52    7.75173e-06    7.75173e-08    7.75173e-10    7.75173e-12    7.75173e-14
        1096.48    7.93527e-06    7.93527e-08    7.93527e-10    7.93527e-12    7.93527e-14
        1122.02    8.12438e-06    8.12438e-08    8.12438e-10    8.12438e-12    8.12438e-14
        1148.15    8.32169e-06    8.32169e-08    8.32169e-10    8.32169e-12    8.32169e-14
         1174.9    8.53151e-06    8.53151e-08    8.53151e-10    8.53151e-12    8.53151e-14
        1202.26    8.75471e-06    8.75471e-08    8.75471e-10    8.75471e-12    8.75471e-14
        1230.27    8.99183e-06    8.99183e-08    8.99183e-10    8.99183e-12    8.99183e-14
        1258.93    9.24329e-06    9.24329e-08    9.24329e-10    9.24329e-12    9.24329e-14
        1288.25    9.50935e-06    9.50935e-08    9.50935e-10    9.50935e-12    9.50935e-14
        1318.26    9.78452e-06    9.78452e-08    9.78452e-10    9.78452e-12    9.78452e-14
        1348.96      1.008e-05      1.008e-07      1.008e-09      1.008e-11      1.008e-13
        1380.38    1.03902e-05    1.03902e-07    1.03902e-09    1.03902e-11    1.03902e-13
        1412.54    1.07152e-05    1.07152e-07    1.07152e-09    1.07152e-11    1.07152e-13
        1445.44     1.1055e-05     1.1055e-07     1.1055e-09     1.1055e-11     1.1055e-13
        1479.11    1.14095e-05    1.14095e-07    1.14095e-09    1.14095e-11    1.14095e-13
        1513.56    1.17788e-05    1.17788e-07    1.17788e-09    1.17788e-11    1.17788e-13
        1548.82     1.2163e-05     1.2163e-07     1.2163e-09     1.2163e-11     1.2163e-13
        1584.89    1.25735e-05    1.25735e-07    1.25735e-09    1.25735e-11    1.25735e-13
        1621.81    1.30167e-05    1.30167e-07    1.30167e-09    1.30167e-11    1.30167e-13
        1659.59    1.34928e-05    1.34928e-07    1.34928e-09    1.34928e-11    1.34928e-13
        1698.24    1.40098e-05    1.40098e-07    1.40098e-09    1.40098e-11    1.40098e-13
         1737.8    1.45685e-05    1.45685e-07    1.45685e-09    1.45685e-11    1.45685e-13
        1778.28     1.5168e-05     1.5168e-07     1.5168e-09     1.5168e-11     1.5168e-13
         1819.7     1.5807e-05     1.5807e-07     1.5807e-09     1.5807e-11     1.5807e-13
        1862.09    1.64845e-05    1.64845e-07    1.64845e-09    1.64845e-11    1.64845e-13
        1905.46    1.71997e-05    1.71997e-07    1.71997e-09    1.71997e-11    1.71997e-13
        1949.84    1.79515e-05    1.79515e-07    1.79515e-09    1.79515e-11    1.79515e-13
        1995.26    1.87559e-05    1.87559e-07    1.87559e-09    1.87559e-11    1.87559e-13
        2041.74    1.96349e-05    1.96349e-07    1.96349e-09    1.96349e-11    1.96349e-13
         2089.3    2.05921e-05    2.05921e-07    2.05921e-09    2.05921e-11    2.05921e-13
        2137.96    2.16389e-05    2.16389e-07    2.16389e-09    2.16389e-11    2.16389e-13
        2187.76    2.27727e-05    2.27727e-07    2.27727e-09    2.27727e-11    2.27727e-13
        2238.72    2.39898e-05    2.39898e-07    2.39898e-09    2.39898e-11    2.39898e-13
        2290.87    2.52859e-05    2.52859e-07    2.52859e-09    2.52859e-11    2.52859e-13
        2344.23    2.66555e-05    2.66555e-07    2.66555e-09    2.66555e-11    2.66555e-13
        2398.83    2.80905e-05    2.80905e-07    2.80905e-09    2.80905e-11    2.80905e-13
        2454.71    2.95761e-05    2.95761e-07    2.95761e-09    2.95761e-11    2.95761e-13
        2511.89    3.10785e-05    3.10785e-07    3.10785e-09    3.10785e-11    3.10785e-13
         2570.4    3.23747e-05    3.23747e-07    3.23747e-09    3.23747e-11    3.23747e-13
        2630.27    3.42806e-05    3.42806e-07    3.42806e-09    3.42806e-11    3.42806e-13
        2691.53     3.6281e-05     3.6281e-07     3.6281e-09     3.6281e-11     3.6281e-13
        2754.23    3.83771e-05    3.83771e-07    3.83771e-09    3.83771e-11    3.83771e-13
        2818.38    4.05679e-05    4.05679e-07    4.05679e-09    4.05679e-11    4.05679e-13
        2884.03    4.28522e-05    4.28522e-07    4.28522e-09    4.28522e-11    4.28522e-13
        2951.21    4.52301e-05    4.52301e-07    4.52301e-09    4.52301e-11    4.52301e-13
        3019.95     0.00537573    5.37573e-05    5.37573e-07    5.37573e-09    5.37573e-11
         3090.3     0.00579333    5.79333e-05    5.79333e-07    5.79333e-09    5.79333e-11
        3162.28     0.00619959    6.19959e-05    6.19959e-07    6.19959e-09    6.19959e-11
        3235.94     0.00659751    6.59751e-05    6.59751e-07    6.59751e-09    6.59751e-11
        3311.31     0.00698936    6.98936e-05    6.98936e-07    6.98936e-09    6.98936e-11
        3388.44     0.00737718    7.37718e-05    7.37718e-07    7.37718e-09    7.37718e-11
        3467.37     0.00776212    7.76212e-05    7.76212e-07    7.76212e-09    7.76212e-11
        3548.13     0.00814497    8.14497e-05    8.14497e-07    8.14497e-09    8.14497e-11
        3630.78      0.0100727    0.000100727    1.00727e-06    1.00727e-08    1.00727e-10
        3715.35      0.0111604    0.000111604    1.11604e-06    1.11604e-08    1.11604e-10
        3801.89      0.0120983    0.000120983    1.20983e-06    1.20983e-08    1.20983e-10
        3890.45       0.012965     0.00012965     1.2965e-06     1.2965e-08     1.2965e-10
        3981.07      0.0137906    0.000137906    1.37906e-06    1.37906e-08    1.37906e-10
         4073.8        0.01459      0.0001459      1.459e-06      1.459e-08      1.459e-10
        4168.69      0.0153724    0.000153724    1.53724e-06    1.53724e-08    1.53724e-10
         4265.8      0.0161437    0.000161437    1.61437e-06    1.61437e-08    1.61437e-10
        4365.16      0.0169083    0.000169083    1.69083e-06    1.69083e-08    1.69083e-10
        4466.84      0.0176693    0.000176693    1.76693e-06    1.76693e-08    1.76693e-10
        4570.88      0.0184293    0.000184293    1.84293e-06    1.84293e-08    1.84293e-10
        4677.35      0.0191905    0.000191905    1.91905e-06    1.91905e-08    1.91905e-10
         4786.3      0.0199543    0.000199543    1.99543e-06    1.99543e-08    1.99543e-10
        4897.79       0.020722     0.00020722     2.0722e-06     2.0722e-08     2.0722e-10
        5011.87      0.0214963    0.000214963    2.14963e-06    2.14963e-08    2.14963e-10
        5128.61      0.0222766    0.000222766    2.22766e-06    2.22766e-08    2.22766e-10
        5248.07      0.0230641    0.000230641    2.30641e-06    2.30641e-08    2.30641e-10
        5370.32        0.02386      0.0002386      2.386e-06      2.386e-08      2.386e-10
        5495.41      0.0246653    0.000246653    2.46653e-06    2.46653e-08    2.46653e-10
        5623.41      0.0254809    0.000254809    2.54809e-06    2.54809e-08    2.54809e-10
         5754.4      0.0263077    0.000263077    2.63077e-06    2.63077e-08    2.63077e-10
        5888.44      0.0271462    0.000271462    2.71462e-06    2.71462e-08    2.71462e-10
         6025.6      0.0279972    0.000279972    2.79972e-06    2.79972e-08    2.79972e-10
        6165.95      0.0288616    0.000288616    2.88616e-06    2.88616e-08    2.88616e-10
        6309.57      0.0297402    0.000297402    2.97402e-06    2.97402e-08    2.97402e-10
        6456.54      0.0306338    0.000306338    3.06338e-06    3.06338e-08    3.06338e-10
        6606.93       0.031543     0.00031543     3.1543e-06     3.1543e-08     3.1543e-10
        6760.83      0.0324689    0.000324689    3.24689e-06    3.24689e-08    3.24689e-10
        6918.31      0.0334125    0.000334125    3.34125e-06    3.34125e-08    3.34125e-10
        7079.46      0.0343751    0.000343751    3.43751e-06    3.43751e-08    3.43751e-10
        7244.36       0.035358     0.00035358     3.5358e-06     3.5358e-08     3.5358e-10
         7413.1      0.0363633    0.000363633    3.63633e-06    3.63633e-08    3.63633e-10
        7585.78      0.0373937    0.000373937    3.73937e-06    3.73937e-08    3.73937e-10
        7762.47       0.038454     0.00038454     3.8454e-06     3.8454e-08     3.8454e-10
        7943.28      0.0395529    0.000395529    3.95529e-06    3.95529e-08    3.95529e-10
        8128.31      0.0407138    0.000407138    4.07138e-06    4.07138e-08    4.07138e-10
        8317.64      0.0420475    0.000420475    4.20475e-06    4.20475e-08    4.20475e-10
        8511.38      0.0983275    0.000983275    9.83275e-06    9.83275e-08    9.83275e-10
        8709.64       0.128506     0.00128506    1.28506e-05    1.28506e-07    1.28506e-09
        8912.51       0.151894     0.00151894    1.51894e-05    1.51894e-07    1.51894e-09
        9120.11       0.172209     0.00172209    1.72209e-05    1.72209e-07    1.72209e-09
        9332.54       0.190736     0.00190736    1.90736e-05    1.90736e-07    1.90736e-09
        9549.93       0.208102     0.00208102    2.08102e-05    2.08102e-07    2.08102e-09
        9772.37       0.224669     0.00224669    2.24669e-05    2.24669e-07    2.24669e-09
