 0.01     1    0.11688      11688
 0.01 1.14815   0.593496    59349.6
 0.01 1.31826    1.65409     165409
 0.01 1.51356    4.18699     418699
 0.01 1.7378    10.0168 1.00168e+06
 0.01 1.99526    22.8085 2.28085e+06
 0.01 2.29087    49.1274 4.91274e+06
 0.01 2.63027    98.8163 9.88163e+06
 0.01 3.01995    183.246 1.83246e+07
 0.01 3.46737    311.707 3.11707e+07
 0.01 3.98107     489.77 4.8977e+07
 0.01 4.57088    722.425 7.22425e+07
 0.01 5.24807    1019.13 1.01913e+08
 0.01 6.0256    1396.94 1.39694e+08
 0.01 6.91831    1881.78 1.88178e+08
 0.01 7.94328    2509.42 2.50942e+08
 0.01 9.12011    3327.48 3.32748e+08
 0.01 10.4713    4398.57 4.39857e+08
 0.01 12.0226    5804.91 5.80491e+08
 0.01 13.8038    7654.55 7.65455e+08
 0.01 15.8489    10089.6 1.00896e+09
 0.01 18.197    13297.1 1.32971e+09
 0.01 20.893    17523.6 1.75236e+09
 0.01 23.9883    23093.9 2.30939e+09
 0.01 27.5423    30435.8 3.04358e+09
 0.01 31.6228    40113.5 4.01135e+09
 0.01 36.3078    52870.6 5.28706e+09
 0.01 41.6869    69687.3 6.96873e+09
 0.01 47.863    91855.7 9.18557e+09
 0.01 54.9541     121079 1.21079e+10
 0.01 63.0957     159603 1.59603e+10
 0.01 72.4436     210387 2.10387e+10
 0.01 83.1764     277333 2.77333e+10
 0.01 95.4993     365585 3.65585e+10
 0.01 109.648     481924 4.81924e+10
 0.01 125.893     635288 6.35288e+10
 0.01 144.544     837462 8.37462e+10
 0.01 165.959 1.10398e+06 1.10398e+11
 0.01 190.546 1.45532e+06 1.45532e+11
 0.01 218.776 1.91847e+06 1.91847e+11
 0.01 251.189 2.52902e+06 2.52902e+11
 0.01 288.403 3.33389e+06 3.33389e+11
 0.01 331.131 4.39491e+06 4.39491e+11
 0.01 380.189 5.79361e+06 5.79361e+11
 0.01 436.516 7.63746e+06 7.63746e+11
 0.01 501.187 1.00681e+07 1.00681e+12
 0.01 575.44 1.32724e+07 1.32724e+12
 0.01 660.693 1.74964e+07 1.74964e+12
 0.01 758.578 2.30647e+07 2.30647e+12
 0.01 870.964 3.04052e+07 3.04052e+12
0.0114815     1   0.101395    8831.15
0.0114815 1.14815   0.514144      44780
0.0114815 1.31826    1.42891     124452
0.0114815 1.51356    3.59724     313306
0.0114815 1.7378    8.52121     742166
0.0114815 1.99526    19.0841 1.66215e+06
0.0114815 2.29087     40.079 3.49074e+06
0.0114815 2.63027    77.9068 6.7854e+06
0.0114815 3.01995    138.834 1.2092e+07
0.0114815 3.46737    227.068 1.97768e+07
0.0114815 3.98107    345.187 3.00646e+07
0.0114815 4.57088    496.928 4.32806e+07
0.0114815 5.24807    689.741 6.0074e+07
0.0114815 6.0256    935.934 8.15165e+07
0.0114815 6.91831    1253.18 1.09147e+08
0.0114815 7.94328     1665.3 1.45042e+08
0.0114815 9.12011    2203.76 1.91939e+08
0.0114815 10.4713    2909.85 2.53437e+08
0.0114815 12.0226    3837.81 3.34259e+08
0.0114815 13.8038    5058.94 4.40615e+08
0.0114815 15.8489    6667.06 5.80677e+08
0.0114815 18.197    8785.74 7.65206e+08
0.0114815 20.893    11577.8 1.00838e+09
0.0114815 23.9883    15257.7 1.32889e+09
0.0114815 27.5423    20108.2 1.75135e+09
0.0114815 31.6228      26502 2.30823e+09
0.0114815 36.3078    34930.5 3.04232e+09
0.0114815 41.6869      46041 4.01001e+09
0.0114815 47.863    60687.5 5.28566e+09
0.0114815 54.9541    79995.1 6.96728e+09
0.0114815 63.0957     105447 9.18408e+09
0.0114815 72.4436     139000 1.21064e+10
0.0114815 83.1764     183231 1.59587e+10
0.0114815 95.4993     241538 2.10371e+10
0.0114815 109.648     318403 2.77317e+10
0.0114815 125.893     419729 3.65569e+10
0.0114815 144.544     553304 4.81908e+10
0.0114815 165.959     729390 6.35272e+10
0.0114815 190.546     961517 8.37446e+10
0.0114815 218.776 1.26752e+06 1.10396e+11
0.0114815 251.189 1.67091e+06 1.4553e+11
0.0114815 288.403 2.20268e+06 1.91845e+11
0.0114815 331.131 2.90369e+06 2.52901e+11
0.0114815 380.189 3.8278e+06 3.33388e+11
0.0114815 436.516 5.04602e+06 4.3949e+11
0.0114815 501.187 6.65194e+06 5.7936e+11
0.0114815 575.44 8.76896e+06 7.63744e+11
0.0114815 660.693 1.15597e+07 1.00681e+12
0.0114815 758.578 1.52387e+07 1.32723e+12
0.0114815 870.964 2.00885e+07 1.74963e+12
0.0131826     1  0.0880384     6678.4
0.0131826 1.14815   0.445524    33796.5
0.0131826 1.31826    1.23348    93568.9
0.0131826 1.51356    3.08279     233854
0.0131826 1.7378    7.20977     546917
0.0131826 1.99526    15.8164 1.1998e+06
0.0131826 2.29087    32.2338 2.44518e+06
0.0131826 2.63027    60.3218 4.57587e+06
0.0131826 3.01995    103.193  7.828e+06
0.0131826 3.46737    162.615 1.23356e+07
0.0131826 3.98107    240.113 1.82144e+07
0.0131826 4.57088    338.731 2.56954e+07
0.0131826 5.24807    464.101 3.52057e+07
0.0131826 6.0256     624.82 4.73974e+07
0.0131826 6.91831    832.762 6.31715e+07
0.0131826 7.94328    1103.71 8.37253e+07
0.0131826 9.12011    1458.43 1.10633e+08
0.0131826 10.4713    1924.14 1.45961e+08
0.0131826 12.0226    2536.63 1.92423e+08
0.0131826 13.8038    3342.95 2.53589e+08
0.0131826 15.8489    4405.08 3.3416e+08
0.0131826 18.197    5804.61 4.40325e+08
0.0131826 20.893    7649.09 5.80243e+08
0.0131826 23.9883    10080.2 7.64664e+08
0.0131826 27.5423    13284.8 1.00776e+09
0.0131826 31.6228    17509.1 1.3282e+09
0.0131826 36.3078    23077.6 1.75062e+09
0.0131826 41.6869    30418.3 2.30746e+09
0.0131826 47.863      40095 3.04152e+09
0.0131826 54.9541    52851.4 4.00919e+09
0.0131826 63.0957    69667.5 5.28482e+09
0.0131826 72.4436    91835.5 6.96643e+09
0.0131826 83.1764     121058 9.18323e+09
0.0131826 95.4993     159582 1.21055e+10
0.0131826 109.648     210366 1.59579e+10
0.0131826 125.893     277312 2.10362e+10
0.0131826 144.544     365564 2.77308e+10
0.0131826 165.959     481902 3.6556e+10
0.0131826 190.546     635267 4.81899e+10
0.0131826 218.776     837440 6.35263e+10
0.0131826 251.189 1.10396e+06 8.37437e+10
0.0131826 288.403 1.45529e+06 1.10395e+11
0.0131826 331.131 1.91845e+06 1.45529e+11
0.0131826 380.189  2.529e+06 1.91844e+11
0.0131826 436.516 3.33387e+06  2.529e+11
0.0131826 501.187 4.39489e+06 3.33387e+11
0.0131826 575.44 5.79359e+06 4.39489e+11
0.0131826 660.693 7.63744e+06 5.79359e+11
0.0131826 758.578 1.00681e+07 7.63743e+11
0.0131826 870.964 1.32723e+07 1.00681e+12
0.0151356     1  0.0764903    5053.67
0.0151356 1.14815   0.386039    25505.4
0.0151356 1.31826     1.0634    70258.2
0.0151356 1.51356    2.63276     173945
0.0151356 1.7378    6.05831     400268
0.0151356 1.99526    12.9597     856236
0.0151356 2.29087    25.5145 1.68572e+06
0.0151356 2.63027    45.8456 3.02899e+06
0.0151356 3.01995    75.3286 4.97691e+06
0.0151356 3.46737    114.741 7.58085e+06
0.0151356 3.98107    165.247 1.09177e+07
0.0151356 4.57088    229.284 1.51487e+07
0.0151356 5.24807    310.933 2.05431e+07
0.0151356 6.0256    416.061 2.74889e+07
0.0151356 6.91831    552.575 3.65083e+07
0.0151356 7.94328    730.904 4.82903e+07
0.0151356 9.12011    964.729 6.3739e+07
0.0151356 10.4713    1272.02 8.40412e+07
0.0151356 12.0226    1676.37 1.10757e+08
0.0151356 13.8038    2208.88 1.45939e+08
0.0151356 15.8489    2910.44 1.92291e+08
0.0151356 18.197    3834.97 2.53374e+08
0.0151356 20.893     5053.5 3.33882e+08
0.0151356 23.9883    6659.67    4.4e+08
0.0151356 27.5423    8776.86 5.79882e+08
0.0151356 31.6228    11567.8 7.64275e+08
0.0151356 36.3078    15246.8 1.00735e+09
0.0151356 41.6869    20096.7 1.32778e+09
0.0151356 47.863    26490.1 1.75018e+09
0.0151356 54.9541    34918.1 2.30702e+09
0.0151356 63.0957    46028.4 3.04107e+09
0.0151356 72.4436    60674.6 4.00873e+09
0.0151356 83.1764    79982.1 5.28436e+09
0.0151356 95.4993     105434 6.96597e+09
0.0151356 109.648     138987 9.18276e+09
0.0151356 125.893     183218 1.21051e+10
0.0151356 144.544     241525 1.59574e+10
0.0151356 165.959     318389 2.10358e+10
0.0151356 190.546     419716 2.77304e+10
0.0151356 218.776     553291 3.65556e+10
0.0151356 251.189     729377 4.81894e+10
0.0151356 288.403     961503 6.35259e+10
0.0151356 331.131 1.26751e+06 8.37432e+10
0.0151356 380.189 1.67089e+06 1.10395e+11
0.0151356 436.516 2.20267e+06 1.45529e+11
0.0151356 501.187 2.90368e+06 1.91844e+11
0.0151356 575.44 3.82779e+06 2.52899e+11
0.0151356 660.693  5.046e+06 3.33386e+11
0.0151356 758.578 6.65193e+06 4.39488e+11
0.0151356 870.964 8.76894e+06 5.79358e+11
0.017378     1  0.0664876    3825.96
0.017378 1.14815   0.334362    19240.5
0.017378 1.31826   0.914996    52652.5
0.017378 1.51356    2.23809     128789
0.017378 1.7378    5.04729     290441
0.017378 1.99526    10.4783     602963
0.017378 2.29087    19.8496 1.14223e+06
0.017378 2.63027    34.2029 1.96817e+06
0.017378 3.01995    54.0843 3.11223e+06
0.017378 3.46737    79.9407 4.60011e+06
0.017378 3.98107    112.746 6.48788e+06
0.017378 4.57088    154.362 8.8826e+06
0.017378 5.24807    207.644 1.19487e+07
0.017378 6.0256    276.537 1.59131e+07
0.017378 6.91831    366.279 2.10772e+07
0.017378 7.94328    483.748 2.78368e+07
0.017378 9.12011    637.965 3.67111e+07
0.017378 10.4713    840.782 4.8382e+07
0.017378 12.0226    1107.78 6.37464e+07
0.017378 13.8038    1459.49 8.39848e+07
0.017378 15.8489    1922.92 1.10652e+08
0.017378 18.197    2533.68 1.45798e+08
0.017378 20.893    3338.71 1.92123e+08
0.017378 23.9883    4399.85 2.53185e+08
0.017378 27.5423    5798.64 3.33677e+08
0.017378 31.6228    7642.55 4.39783e+08
0.017378 36.3078    10073.3 5.79656e+08
0.017378 41.6869    13277.5 7.64043e+08
0.017378 47.863    17501.6 1.00711e+09
0.017378 54.9541    23069.9 1.32754e+09
0.017378 63.0957    30410.4 1.74994e+09
0.017378 72.4436    40087.1 2.30677e+09
0.017378 83.1764    52843.4 3.04082e+09
0.017378 95.4993    69659.4 4.00848e+09
0.017378 109.648    91827.3 5.28411e+09
0.017378 125.893     121050 6.96572e+09
0.017378 144.544     159574 9.18251e+09
0.017378 165.959     210357 1.21048e+10
0.017378 190.546     277303 1.59571e+10
0.017378 218.776     365555 2.10355e+10
0.017378 251.189     481894 2.77301e+10
0.017378 288.403     635259 3.65553e+10
0.017378 331.131     837432 4.81892e+10
0.017378 380.189 1.10395e+06 6.35256e+10
0.017378 436.516 1.45529e+06 8.3743e+10
0.017378 501.187 1.91844e+06 1.10395e+11
0.017378 575.44 2.52899e+06 1.45528e+11
0.017378 660.693 3.33386e+06 1.91844e+11
0.017378 758.578 4.39488e+06 2.52899e+11
0.017378 870.964 5.79358e+06 3.33386e+11
0.0199526     1  0.0578111    2897.42
0.0199526 1.14815    0.28938    14503.3
0.0199526 1.31826   0.785177    39352.1
0.0199526 1.51356    1.89133    94791.1
0.0199526 1.7378    4.16134     208561
0.0199526 1.99526    8.34444     418213
0.0199526 2.29087    15.1643     760018
0.0199526 2.63027    25.0642 1.25618e+06
0.0199526 3.01995    38.2612 1.9176e+06
0.0199526 3.46737    55.1067 2.76188e+06
0.0199526 3.98107    76.3966 3.8289e+06
0.0199526 4.57088    103.486 5.18661e+06
0.0199526 5.24807    138.329 6.93286e+06
0.0199526 6.0256     183.55 9.19931e+06
0.0199526 6.91831     242.61 1.21593e+07
0.0199526 7.94328    320.041 1.60401e+07
0.0199526 9.12011    421.795 2.11398e+07
0.0199526 10.4713    555.692 2.78506e+07
0.0199526 12.0226    732.021 3.66879e+07
0.0199526 13.8038     964.33 4.8331e+07
0.0199526 15.8489    1270.47 6.36743e+07
0.0199526 18.197    1673.96 8.38969e+07
0.0199526 20.893    2205.81 1.10553e+08
0.0199526 23.9883    2906.88 1.45689e+08
0.0199526 27.5423    3831.04 1.92007e+08
0.0199526 31.6228    5049.29 2.53064e+08
0.0199526 36.3078    6655.24 3.33552e+08
0.0199526 41.6869    8772.28 4.39655e+08
0.0199526 47.863    11563.1 5.79526e+08
0.0199526 54.9541      15242 7.63911e+08
0.0199526 63.0957    20091.8 1.00698e+09
0.0199526 72.4436    26485.1 1.3274e+09
0.0199526 83.1764    34913.1 1.7498e+09
0.0199526 95.4993    46023.4 2.30663e+09
0.0199526 109.648    60669.6 3.04068e+09
0.0199526 125.893      79977 4.00835e+09
0.0199526 144.544     105429 5.28398e+09
0.0199526 165.959     138982 6.96558e+09
0.0199526 190.546     183212 9.18237e+09
0.0199526 218.776     241520 1.21047e+10
0.0199526 251.189     318384 1.5957e+10
0.0199526 288.403     419711 2.10354e+10
0.0199526 331.131     553286  2.773e+10
0.0199526 380.189     729371 3.65552e+10
0.0199526 436.516     961498 4.8189e+10
0.0199526 501.187 1.2675e+06 6.35255e+10
0.0199526 575.44 1.67089e+06 8.37428e+10
0.0199526 660.693 2.20266e+06 1.10394e+11
0.0199526 758.578 2.90367e+06 1.45528e+11
0.0199526 870.964 3.82778e+06 1.91844e+11
0.0229087     1  0.0502767    2194.66
0.0229087 1.14815   0.250152    10919.5
0.0229087 1.31826    0.67135    29305.5
0.0229087 1.51356    1.58639    69248.3
0.0229087 1.7378    3.38864     147920
0.0229087 1.99526    6.53466     285248
0.0229087 2.29087    11.3731     496454
0.0229087 2.63027    18.0626     788461
0.0229087 3.01995    26.7214 1.16643e+06
0.0229087 3.46737    37.6563 1.64376e+06
0.0229087 3.98107    51.4828 2.24731e+06
0.0229087 4.57088    69.1534 3.01866e+06
0.0229087 5.24807    91.9811 4.01512e+06
0.0229087 6.0256    121.705 5.31263e+06
0.0229087 6.91831    160.606 7.01072e+06
0.0229087 7.94328    211.674 9.23991e+06
0.0229087 9.12011    278.834 1.21715e+07
0.0229087 10.4713    367.246 1.60309e+07
0.0229087 12.0226    483.706 2.11145e+07
0.0229087 13.8038    637.162 2.78131e+07
0.0229087 15.8489    839.404 3.66413e+07
0.0229087 18.197    1105.97 4.82775e+07
0.0229087 20.893    1457.35 6.36156e+07
0.0229087 23.9883    1920.53 8.38343e+07
0.0229087 27.5423    2531.11 1.10487e+08
0.0229087 31.6228       3336 1.45621e+08
0.0229087 36.3078    4397.03 1.91937e+08
0.0229087 41.6869    5795.74 2.52993e+08
0.0229087 47.863    7639.59 3.3348e+08
0.0229087 54.9541    10070.3 4.39583e+08
0.0229087 63.0957    13274.5 5.79453e+08
0.0229087 72.4436    17498.5 7.63838e+08
0.0229087 83.1764    23066.8 1.0069e+09
0.0229087 95.4993    30407.3 1.32733e+09
0.0229087 109.648      40084 1.74973e+09
0.0229087 125.893    52840.3 2.30656e+09
0.0229087 144.544    69656.3 3.04061e+09
0.0229087 165.959    91824.2 4.00827e+09
0.0229087 190.546     121047 5.2839e+09
0.0229087 218.776     159571 6.96551e+09
0.0229087 251.189     210354 9.1823e+09
0.0229087 288.403     277300 1.21046e+10
0.0229087 331.131     365552 1.59569e+10
0.0229087 380.189     481891 2.10353e+10
0.0229087 436.516     635255 2.77299e+10
0.0229087 501.187     837429 3.65551e+10
0.0229087 575.44 1.10395e+06 4.8189e+10
0.0229087 660.693 1.45528e+06 6.35254e+10
0.0229087 758.578 1.91844e+06 8.37428e+10
0.0229087 870.964 2.52899e+06 1.10394e+11
0.0263027     1  0.0437282     1662.5
0.0263027 1.14815   0.215879     8207.5
0.0263027 1.31826   0.571334    21721.5
0.0263027 1.51356    1.31839    50123.8
0.0263027 1.7378    2.72013     103416
0.0263027 1.99526    5.02656     191104
0.0263027 2.29087    8.37684     318479
0.0263027 2.63027    12.8214     487456
0.0263027 3.01995    18.4592     701800
0.0263027 3.46737    25.5492     971354
0.0263027 3.98107    34.5436 1.31331e+06
0.0263027 4.57088    46.0942 1.75245e+06
0.0263027 5.24807    61.0752 2.32202e+06
0.0263027 6.0256    80.6347 3.06565e+06
0.0263027 6.91831    106.276 4.0405e+06
0.0263027 7.94328     139.97 5.32152e+06
0.0263027 9.12011    184.307 7.00717e+06
0.0263027 10.4713    242.695  9.227e+06
0.0263027 12.0226    319.619 1.21516e+07
0.0263027 13.8038    420.992 1.60057e+07
0.0263027 15.8489    554.601 2.10853e+07
0.0263027 18.197    730.712 2.77809e+07
0.0263027 20.893    962.858 3.66069e+07
0.0263027 23.9883    1268.88 4.82413e+07
0.0263027 27.5423    1672.28 6.35782e+07
0.0263027 31.6228    2204.06 8.37959e+07
0.0263027 36.3078    2905.07 1.10448e+08
0.0263027 41.6869    3829.19 1.45582e+08
0.0263027 47.863    5047.41 1.91897e+08
0.0263027 54.9541    6653.33 2.52953e+08
0.0263027 63.0957    8770.35 3.3344e+08
0.0263027 72.4436    11561.1 4.39542e+08
0.0263027 83.1764    15240.1 5.79412e+08
0.0263027 95.4993    20089.9 7.63796e+08
0.0263027 109.648    26483.2 1.00686e+09
0.0263027 125.893    34911.2 1.32729e+09
0.0263027 144.544    46021.5 1.74969e+09
0.0263027 165.959    60667.6 2.30652e+09
0.0263027 190.546    79975.1 3.04057e+09
0.0263027 218.776     105427 4.00823e+09
0.0263027 251.189     138980 5.28386e+09
0.0263027 288.403     183210 6.96547e+09
0.0263027 331.131     241518 9.18226e+09
0.0263027 380.189     318382 1.21046e+10
0.0263027 436.516     419709 1.59569e+10
0.0263027 501.187     553284 2.10353e+10
0.0263027 575.44     729370 2.77299e+10
0.0263027 660.693     961496 3.65551e+10
0.0263027 758.578 1.2675e+06 4.81889e+10
0.0263027 870.964 1.67089e+06 6.35254e+10
0.0301995     1  0.0380323    1259.37
0.0301995 1.14815    0.18588    6155.05
0.0301995 1.31826   0.483314      16004
0.0301995 1.51356    1.08354    35879.3
0.0301995 1.7378    2.14861    71147.3
0.0301995 1.99526    3.79576     125689
0.0301995 2.29087    6.06529     200841
0.0301995 2.63027    8.98076     297381
0.0301995 3.01995    12.6361     418421
0.0301995 3.46737    17.2358     570732
0.0301995 3.98107    23.0989     764878
0.0301995 4.57088    30.6639 1.01538e+06
0.0301995 5.24807    40.5092 1.34139e+06
0.0301995 6.0256    53.3916 1.76796e+06
0.0301995 6.91831    70.3019 2.32791e+06
0.0301995 7.94328    92.5402 3.0643e+06
0.0301995 9.12011    121.816 4.03371e+06
0.0301995 10.4713    160.379 5.31065e+06
0.0301995 12.0226    211.193 6.99325e+06
0.0301995 13.8038    278.161 9.21078e+06
0.0301995 15.8489     366.43 1.21336e+07
0.0301995 18.197    482.782 1.59864e+07
0.0301995 20.893    636.156 2.10651e+07
0.0301995 23.9883    838.337 2.77599e+07
0.0301995 27.5423    1104.86 3.65853e+07
0.0301995 31.6228     1456.2 4.82193e+07
0.0301995 36.3078    1919.36 6.35559e+07
0.0301995 41.6869    2529.91 8.37733e+07
0.0301995 47.863    3334.78 1.10425e+08
0.0301995 54.9541    4395.81 1.45559e+08
0.0301995 63.0957    5794.51 1.91874e+08
0.0301995 72.4436    7638.35 2.5293e+08
0.0301995 83.1764      10069 3.33416e+08
0.0301995 95.4993    13273.3 4.39519e+08
0.0301995 109.648    17497.3 5.79389e+08
0.0301995 125.893    23065.6 7.63773e+08
0.0301995 144.544    30406.1 1.00684e+09
0.0301995 165.959    40082.7 1.32726e+09
0.0301995 190.546      52839 1.74966e+09
0.0301995 218.776    69655.1 2.3065e+09
0.0301995 251.189      91823 3.04054e+09
0.0301995 288.403     121046 4.00821e+09
0.0301995 331.131     159569 5.28384e+09
0.0301995 380.189     210353 6.96544e+09
0.0301995 436.516     277299 9.18223e+09
0.0301995 501.187     365551 1.21045e+10
0.0301995 575.44     481890 1.59569e+10
0.0301995 660.693     635254 2.10352e+10
0.0301995 758.578     837428 2.77298e+10
0.0301995 870.964 1.10394e+06 3.6555e+10
0.0346737     1  0.0330751    953.897
0.0346737 1.14815   0.159569    4602.03
0.0346737 1.31826   0.405796    11703.3
0.0346737 1.51356    0.87892    25348.3
0.0346737 1.7378    1.66773    48097.9
0.0346737 1.99526    2.81421    81162.7
0.0346737 2.29087    4.32342     124689
0.0346737 2.63027     6.2193     179366
0.0346737 3.01995    8.58572     247615
0.0346737 3.46737    11.5747     333817
0.0346737 3.98107    15.4048     444280
0.0346737 4.57088     20.368     587418
0.0346737 5.24807    26.8456     774235
0.0346737 6.0256    35.3363 1.01911e+06
0.0346737 6.91831    46.4932 1.34088e+06
0.0346737 7.94328    61.1743 1.76429e+06
0.0346737 9.12011    80.5078 2.32187e+06
0.0346737 10.4713     105.98 3.05648e+06
0.0346737 12.0226    139.547 4.02457e+06
0.0346737 13.8038    183.789 5.30052e+06
0.0346737 15.8489    242.105 6.98237e+06
0.0346737 18.197    318.975 9.19934e+06
0.0346737 20.893    420.307 1.21218e+07
0.0346737 23.9883    553.885 1.59742e+07
0.0346737 27.5423    729.974 2.10527e+07
0.0346737 31.6228    962.102 2.77473e+07
0.0346737 36.3078    1268.11 3.65726e+07
0.0346737 41.6869     1671.5 4.82065e+07
0.0346737 47.863    2203.27 6.35429e+07
0.0346737 54.9541    2904.28 8.37603e+07
0.0346737 63.0957    3828.39 1.10412e+08
0.0346737 72.4436    5046.61 1.45546e+08
0.0346737 83.1764    6652.53 1.91861e+08
0.0346737 95.4993    8769.55 2.52917e+08
0.0346737 109.648    11560.3 3.33403e+08
0.0346737 125.893    15239.3 4.39506e+08
0.0346737 144.544    20089.1 5.79375e+08
0.0346737 165.959    26482.4 7.6376e+08
0.0346737 190.546    34910.4 1.00683e+09
0.0346737 218.776    46020.6 1.32725e+09
0.0346737 251.189    60666.8 1.74965e+09
0.0346737 288.403    79974.3 2.30648e+09
0.0346737 331.131     105426 3.04053e+09
0.0346737 380.189     138979 4.00819e+09
0.0346737 436.516     183210 5.28382e+09
0.0346737 501.187     241517 6.96543e+09
0.0346737 575.44     318381 9.18222e+09
0.0346737 660.693     419708 1.21045e+10
0.0346737 758.578     553283 1.59569e+10
0.0346737 870.964     729369 2.10352e+10
0.0398107     1  0.0287583    722.375
0.0398107 1.14815   0.136451     3427.5
0.0398107 1.31826   0.337579    8479.61
0.0398107 1.51356   0.702316    17641.4
0.0398107 1.7378    1.27092    31924.1
0.0398107 1.99526     2.0501    51496.2
0.0398107 2.29087    3.03931    76343.9
0.0398107 2.63027    4.26601     107157
0.0398107 3.01995    5.79863     145655
0.0398107 3.46737    7.74499     194545
0.0398107 3.98107    10.2522     257524
0.0398107 4.57088    13.5131     339433
0.0398107 5.24807    17.7789     446586
0.0398107 6.0256    23.3782     587233
0.0398107 6.91831    30.7416     772195
0.0398107 7.94328    40.4354 1.01569e+06
0.0398107 9.12011    53.2045 1.33644e+06
0.0398107 10.4713    70.0302 1.75908e+06
0.0398107 12.0226    92.2053 2.31609e+06
0.0398107 13.8038    121.434 3.05028e+06
0.0398107 15.8489    159.961 4.01805e+06
0.0398107 18.197    210.748 5.29375e+06
0.0398107 20.893    277.696 6.97542e+06
0.0398107 23.9883     365.95 9.19225e+06
0.0398107 27.5423     482.29 1.21146e+07
0.0398107 31.6228    635.656 1.59669e+07
0.0398107 36.3078     837.83 2.10453e+07
0.0398107 41.6869    1104.35  2.774e+07
0.0398107 47.863    1455.69 3.65652e+07
0.0398107 54.9541    1918.84 4.8199e+07
0.0398107 63.0957    2529.39 6.35355e+07
0.0398107 72.4436    3334.26 8.37529e+07
0.0398107 83.1764    4395.28 1.10405e+08
0.0398107 95.4993    5793.98 1.45538e+08
0.0398107 109.648    7637.83 1.91854e+08
0.0398107 125.893    10068.5 2.52909e+08
0.0398107 144.544    13272.7 3.33396e+08
0.0398107 165.959    17496.7 4.39498e+08
0.0398107 190.546    23065.1 5.79368e+08
0.0398107 218.776    30405.5 7.63753e+08
0.0398107 251.189    40082.2 1.00682e+09
0.0398107 288.403    52838.5 1.32724e+09
0.0398107 331.131    69654.5 1.74964e+09
0.0398107 380.189    91822.4 2.30648e+09
0.0398107 436.516     121045 3.04052e+09
0.0398107 501.187     159569 4.00819e+09
0.0398107 575.44     210353 5.28382e+09
0.0398107 660.693     277298 6.96542e+09
0.0398107 758.578     365550 9.18221e+09
0.0398107 870.964     481889 1.21045e+10
0.0457088     1   0.024997    546.874
0.0457088 1.14815   0.116103    2540.05
0.0457088 1.31826   0.277723    6075.93
0.0457088 1.51356   0.551911    12074.5
0.0457088 1.7378   0.950699      20799
0.0457088 1.99526    1.46934    32145.8
0.0457088 2.29087    2.11116    46187.2
0.0457088 2.63027     2.9033    63517.2
0.0457088 3.01995     3.8975    85268.1
0.0457088 3.46737    5.16782     113060
0.0457088 3.98107    6.81197     149030
0.0457088 4.57088    8.95697     195957
0.0457088 5.24807    11.7683     257462
0.0457088 6.0256    15.4624     338280
0.0457088 6.91831    20.3234     444628
0.0457088 7.94328    26.7251     584681
0.0457088 9.12011    35.1593     769202
0.0457088 10.4713    46.2743 1.01237e+06
0.0457088 12.0226     60.924 1.33287e+06
0.0457088 13.8038    80.2341 1.75533e+06
0.0457088 15.8489    105.688 2.31221e+06
0.0457088 18.197    139.242 3.04629e+06
0.0457088 20.893    183.474 4.01398e+06
0.0457088 23.9883    241.782 5.28962e+06
0.0457088 27.5423    318.647 6.97125e+06
0.0457088 31.6228    419.975 9.18805e+06
0.0457088 36.3078     553.55 1.21104e+07
0.0457088 41.6869    729.636 1.59627e+07
0.0457088 47.863    961.763 2.10411e+07
0.0457088 54.9541    1267.76 2.77357e+07
0.0457088 63.0957    1671.15 3.65609e+07
0.0457088 72.4436    2202.93 4.81948e+07
0.0457088 83.1764    2903.94 6.35312e+07
0.0457088 95.4993    3828.05 8.37486e+07
0.0457088 109.648    5046.26  1.104e+08
0.0457088 125.893    6652.19 1.45534e+08
0.0457088 144.544     8769.2 1.91849e+08
0.0457088 165.959      11560 2.52905e+08
0.0457088 190.546    15238.9 3.33391e+08
0.0457088 218.776    20088.7 4.39494e+08
0.0457088 251.189      26482 5.79364e+08
0.0457088 288.403      34910 7.63748e+08
0.0457088 331.131    46020.3 1.00681e+09
0.0457088 380.189    60666.5 1.32724e+09
0.0457088 436.516    79973.9 1.74964e+09
0.0457088 501.187     105426 2.30647e+09
0.0457088 575.44     138979 3.04052e+09
0.0457088 660.693     183209 4.00818e+09
0.0457088 758.578     241517 5.28381e+09
0.0457088 870.964     318381 6.96542e+09
0.0524807     1  0.0217179    413.826
0.0524807 1.14815  0.0981706     1870.6
0.0524807 1.31826   0.225509    4296.99
0.0524807 1.51356   0.426012     8117.5
0.0524807 1.7378   0.698403    13307.8
0.0524807 1.99526    1.03786      19776
0.0524807 2.29087    1.45173    27662.2
0.0524807 2.63027    1.96336      37411
0.0524807 3.01995    2.60974    49727.6
0.0524807 3.46737    3.44062    65559.6
0.0524807 3.98107    4.52045    86135.3
0.0524807 4.57088     5.9328     113047
0.0524807 5.24807    7.78661     148371
0.0524807 6.0256    10.2246     194826
0.0524807 6.91831    13.4343     255984
0.0524807 7.94328    17.6623     336548
0.0524807 9.12011    23.2336     442708
0.0524807 10.4713    30.5764     582620
0.0524807 12.0226    40.2547     767037
0.0524807 13.8038    53.0123 1.01013e+06
0.0524807 15.8489    69.8293 1.33057e+06
0.0524807 18.197    91.9979 1.75298e+06
0.0524807 20.893    121.221 2.30983e+06
0.0524807 23.9883    159.745 3.04388e+06
0.0524807 27.5423    210.529 4.01155e+06
0.0524807 31.6228    277.475 5.28719e+06
0.0524807 36.3078    365.728 6.9688e+06
0.0524807 41.6869    482.067 9.18559e+06
0.0524807 47.863    635.431 1.21079e+07
0.0524807 54.9541    837.605 1.59602e+07
0.0524807 63.0957    1104.12 2.10386e+07
0.0524807 72.4436    1455.46 2.77332e+07
0.0524807 83.1764    1918.61 3.65584e+07
0.0524807 95.4993    2529.17 4.81923e+07
0.0524807 109.648    3334.03 6.35287e+07
0.0524807 125.893    4395.06 8.37461e+07
0.0524807 144.544    5793.76 1.10398e+08
0.0524807 165.959     7637.6 1.45531e+08
0.0524807 190.546    10068.3 1.91847e+08
0.0524807 218.776    13272.5 2.52902e+08
0.0524807 251.189    17496.5 3.33389e+08
0.0524807 288.403    23064.8 4.39491e+08
0.0524807 331.131    30405.3 5.79361e+08
0.0524807 380.189    40081.9 7.63746e+08
0.0524807 436.516    52838.2 1.00681e+09
0.0524807 501.187    69654.3 1.32724e+09
0.0524807 575.44    91822.2 1.74964e+09
0.0524807 660.693     121045 2.30647e+09
0.0524807 758.578     159569 3.04052e+09
0.0524807 870.964     210352 4.00818e+09
0.060256     1  0.0188575    312.956
0.060256 1.14815  0.0823629    1366.88
0.060256 1.31826   0.180387    2993.68
0.060256 1.51356   0.322783    5356.87
0.060256 1.7378   0.504405    8371.03
0.060256 1.99526   0.723838    12012.7
0.060256 2.29087   0.989999    16429.9
0.060256 2.63027      1.321    21923.1
0.060256 3.01995    1.74227    28914.4
0.060256 3.46737    2.28676    37950.7
0.060256 3.98107    2.99686    49735.5
0.060256 4.57088    3.92752    65180.6
0.060256 5.24807    5.15049    85476.9
0.060256 6.0256     6.7599     112186
0.060256 6.91831    8.87949     147363
0.060256 7.94328    11.6722     193710
0.060256 9.12011    15.3526     254789
0.060256 10.4713    20.2034     335293
0.060256 12.0226    26.5975     441409
0.060256 13.8038    35.0261     581289
0.060256 15.8489    46.1368     765681
0.060256 18.197    60.7834 1.00875e+06
0.060256 20.893    80.0911 1.32918e+06
0.060256 23.9883    105.543 1.75158e+06
0.060256 27.5423    139.096 2.30842e+06
0.060256 31.6228    183.327 3.04247e+06
0.060256 36.3078    241.634 4.01013e+06
0.060256 41.6869    318.499 5.28576e+06
0.060256 47.863    419.826 6.96737e+06
0.060256 54.9541      553.4 9.18416e+06
0.060256 63.0957    729.486 1.21065e+07
0.060256 72.4436    961.613 1.59588e+07
0.060256 83.1764    1267.61 2.10372e+07
0.060256 95.4993       1671 2.77318e+07
0.060256 109.648    2202.77 3.6557e+07
0.060256 125.893    2903.79 4.81908e+07
0.060256 144.544     3827.9 6.35273e+07
0.060256 165.959    5046.11 8.37446e+07
0.060256 190.546    6652.04 1.10396e+08
0.060256 218.776    8769.05 1.4553e+08
0.060256 251.189    11559.8 1.91845e+08
0.060256 288.403    15238.8 2.52901e+08
0.060256 331.131    20088.6 3.33388e+08
0.060256 380.189    26481.9 4.3949e+08
0.060256 436.516    34909.9 5.7936e+08
0.060256 501.187    46020.1 7.63744e+08
0.060256 575.44    60666.3 1.00681e+09
0.060256 660.693    79973.8 1.32723e+09
0.060256 758.578     105426 1.74963e+09
0.060256 870.964     138978 2.30647e+09
0.0691831     1  0.0163606    236.482
0.0691831 1.14815  0.0684458    989.343
0.0691831 1.31826   0.141911    2051.24
0.0691831 1.51356   0.240078    3470.18
0.0691831 1.7378   0.358708    5184.91
0.0691831 1.99526   0.499428    7218.93
0.0691831 2.29087   0.670579    9692.81
0.0691831 2.63027   0.885236    12795.6
0.0691831 3.01995    1.16044    16773.4
0.0691831 3.46737    1.51785    21939.6
0.0691831 3.98107    1.98529    28696.2
0.0691831 4.57088    2.59891    37565.7
0.0691831 5.24807      3.406    49231.7
0.0691831 6.0256    4.46864    64591.6
0.0691831 6.91831    5.86854    84826.2
0.0691831 7.94328    7.71327     111491
0.0691831 9.12011    10.1446     146634
0.0691831 10.4713    13.3493     192956
0.0691831 12.0226    17.5737     254017
0.0691831 13.8038    23.1423     334508
0.0691831 15.8489     30.483     440613
0.0691831 18.197    40.1598     580485
0.0691831 20.893    52.9162     764872
0.0691831 23.9883    69.7323 1.00794e+06
0.0691831 27.5423    91.9003 1.32836e+06
0.0691831 31.6228    121.123 1.75076e+06
0.0691831 36.3078    159.647 2.3076e+06
0.0691831 41.6869     210.43 3.04165e+06
0.0691831 47.863    277.376 4.00931e+06
0.0691831 54.9541    365.628 5.28494e+06
0.0691831 63.0957    481.967 6.96655e+06
0.0691831 72.4436    635.332 9.18334e+06
0.0691831 83.1764    837.505 1.21056e+07
0.0691831 95.4993    1104.02 1.5958e+07
0.0691831 109.648    1455.36 2.10363e+07
0.0691831 125.893    1918.51 2.77309e+07
0.0691831 144.544    2529.07 3.65561e+07
0.0691831 165.959    3333.93  4.819e+07
0.0691831 190.546    4394.96 6.35264e+07
0.0691831 218.776    5793.66 8.37438e+07
0.0691831 251.189     7637.5 1.10395e+08
0.0691831 288.403    10068.2 1.45529e+08
0.0691831 331.131    13272.4 1.91845e+08
0.0691831 380.189    17496.4  2.529e+08
0.0691831 436.516    23064.7 3.33387e+08
0.0691831 501.187    30405.2 4.39489e+08
0.0691831 575.44    40081.8 5.79359e+08
0.0691831 660.693    52838.1 7.63743e+08
0.0691831 758.578    69654.2 1.00681e+09
0.0691831 870.964    91822.1 1.32723e+09
0.0794328     1  0.0141793    178.507
0.0794328 1.14815  0.0562366    707.976
0.0794328 1.31826   0.109665     1380.6
0.0794328 1.51356   0.175411     2208.3
0.0794328 1.7378   0.251651     3168.1
0.0794328 1.99526   0.341532    4299.64
0.0794328 2.29087   0.451772    5687.48
0.0794328 2.63027   0.591359    7444.77
0.0794328 3.01995   0.771522    9712.89
0.0794328 3.46737    1.00645    12670.5
0.0794328 3.98107    1.31441    16547.5
0.0794328 4.57088    1.71919    21643.3
0.0794328 5.24807    2.25196    28350.5
0.0794328 6.0256    2.95369    37184.8
0.0794328 6.91831    3.87834    48825.4
0.0794328 7.94328    5.09695    64166.8
0.0794328 9.12011    6.70316    84387.8
0.0794328 10.4713     8.8204     111042
0.0794328 12.0226    11.6113     146178
0.0794328 13.8038    15.2904     192495
0.0794328 15.8489    20.1403     253552
0.0794328 18.197    26.5337     334039
0.0794328 20.893    34.9617     440142
0.0794328 23.9883     46.072     580012
0.0794328 27.5423    60.7182     764397
0.0794328 31.6228    80.0257 1.00746e+06
0.0794328 36.3078    105.478 1.32789e+06
0.0794328 41.6869     139.03 1.75029e+06
0.0794328 47.863    183.261 2.30712e+06
0.0794328 54.9541    241.569 3.04117e+06
0.0794328 63.0957    318.433 4.00883e+06
0.0794328 72.4436     419.76 5.28446e+06
0.0794328 83.1764    553.334 6.96607e+06
0.0794328 95.4993     729.42 9.18286e+06
0.0794328 109.648    961.547 1.21052e+07
0.0794328 125.893    1267.55 1.59575e+07
0.0794328 144.544    1670.94 2.10359e+07
0.0794328 165.959    2202.71 2.77305e+07
0.0794328 190.546    2903.72 3.65557e+07
0.0794328 218.776    3827.83 4.81895e+07
0.0794328 251.189    5046.05 6.3526e+07
0.0794328 288.403    6651.97 8.37433e+07
0.0794328 331.131    8768.99 1.10395e+08
0.0794328 380.189    11559.8 1.45529e+08
0.0794328 436.516    15238.7 1.91844e+08
0.0794328 501.187    20088.5 2.52899e+08
0.0794328 575.44    26481.8 3.33386e+08
0.0794328 660.693    34909.8 4.39488e+08
0.0794328 758.578    46020.1 5.79358e+08
0.0794328 870.964    60666.3 7.63743e+08
0.0912011     1  0.0122722    134.562
0.0912011 1.14815  0.0455963    499.954
0.0912011 1.31826  0.0831953    912.219
0.0912011 1.51356   0.126066    1382.29
0.0912011 1.7378   0.174505    1913.41
0.0912011 1.99526    0.23187    2542.41
0.0912011 2.29087   0.303069    3323.08
0.0912011 2.63027   0.394081    4321.01
0.0912011 3.01995   0.512242    5616.63
0.0912011 3.46737   0.666836    7311.71
0.0912011 3.98107   0.869856    9537.78
0.0912011 4.57088    1.13697    12466.6
0.0912011 5.24807    1.48873    16323.6
0.0912011 6.0256    1.95219    21405.3
0.0912011 6.91831    2.56296    28102.3
0.0912011 7.94328      3.368    36929.3
0.0912011 9.12011    4.42914    48564.6
0.0912011 10.4713    5.82793      63902
0.0912011 12.0226    7.67184    84120.1
0.0912011 13.8038    10.1026     110772
0.0912011 15.8489    13.3068     145906
0.0912011 18.197    17.5309     192222
0.0912011 20.893    23.0992     253278
0.0912011 23.9883    30.4397     333765
0.0912011 27.5423    40.1164     439867
0.0912011 31.6228    52.8727     579737
0.0912011 36.3078    69.6887     764122
0.0912011 41.6869    91.8566 1.00719e+06
0.0912011 47.863     121.08 1.32761e+06
0.0912011 54.9541    159.603 1.75001e+06
0.0912011 63.0957    210.387 2.30684e+06
0.0912011 72.4436    277.333 3.04089e+06
0.0912011 83.1764    365.585 4.00856e+06
0.0912011 95.4993    481.923 5.28418e+06
0.0912011 109.648    635.288 6.96579e+06
0.0912011 125.893    837.461 9.18258e+06
0.0912011 144.544    1103.98 1.21049e+07
0.0912011 165.959    1455.32 1.59572e+07
0.0912011 190.546    1918.47 2.10356e+07
0.0912011 218.776    2529.02 2.77302e+07
0.0912011 251.189    3333.89 3.65554e+07
0.0912011 288.403    4394.91 4.81893e+07
0.0912011 331.131    5793.61 6.35257e+07
0.0912011 380.189    7637.46 8.3743e+07
0.0912011 436.516    10068.1 1.10395e+08
0.0912011 501.187    13272.4 1.45528e+08
0.0912011 575.44    17496.4 1.91844e+08
0.0912011 660.693    23064.7 2.52899e+08
0.0912011 758.578    30405.2 3.33386e+08
0.0912011 870.964    40081.8 4.39488e+08
0.104713     1  0.0106035    101.263
0.104713 1.14815  0.0364188    347.797
0.104713 1.31826  0.0619664    591.775
0.104713 1.51356  0.0892769    852.587
0.104713 1.7378   0.119845    1144.51
0.104713 1.99526   0.156513    1494.69
0.104713 2.29087   0.202641     1935.2
0.104713 2.63027   0.262126    2503.28
0.104713 3.01995   0.339742    3244.51
0.104713 3.46737   0.441561    4216.88
0.104713 3.98107   0.575467    5495.67
0.104713 4.57088   0.751782    7179.46
0.104713 5.24807   0.984068    9397.78
0.104713 6.0256    1.29018    12321.2
0.104713 6.91831    1.69366    16174.3
0.104713 7.94328    2.22549    21253.2
0.104713 9.12011    2.92654    27948.3
0.104713 10.4713    3.85069    36773.8
0.104713 12.0226    5.06893    48407.9
0.104713 13.8038    6.67487    63744.5
0.104713 15.8489     8.7919      83962
0.104713 18.197    11.5827     110614
0.104713 20.893    15.2616     145748
0.104713 23.9883    20.1115     192063
0.104713 27.5423    26.5048     253118
0.104713 31.6228    34.9328     333605
0.104713 36.3078     46.043     439707
0.104713 41.6869    60.6892     579577
0.104713 47.863    79.9966     763962
0.104713 54.9541    105.449 1.00703e+06
0.104713 63.0957    139.001 1.32745e+06
0.104713 72.4436    183.232 1.74985e+06
0.104713 83.1764    241.539 2.30668e+06
0.104713 95.4993    318.404 3.04073e+06
0.104713 109.648    419.731 4.0084e+06
0.104713 125.893    553.305 5.28402e+06
0.104713 144.544    729.391 6.96563e+06
0.104713 165.959    961.517 9.18242e+06
0.104713 190.546    1267.52 1.21047e+07
0.104713 218.776    1670.91 1.59571e+07
0.104713 251.189    2202.68 2.10354e+07
0.104713 288.403    2903.69  2.773e+07
0.104713 331.131     3827.8 3.65552e+07
0.104713 380.189    5046.02 4.81891e+07
0.104713 436.516    6651.94 6.35255e+07
0.104713 501.187    8768.96 8.37429e+07
0.104713 575.44    11559.7 1.10395e+08
0.104713 660.693    15238.7 1.45528e+08
0.104713 758.578    20088.5 1.91844e+08
0.104713 870.964    26481.8 2.52899e+08
0.120226     1  0.0091425     76.044
0.120226 1.14815  0.0286165    238.022
0.120226 1.31826  0.0453542     377.24
0.120226 1.51356  0.0624251    519.229
0.120226 1.7378  0.0816639    679.251
0.120226 1.99526   0.105173    874.789
0.120226 2.29087   0.135151    1124.14
0.120226 2.63027   0.174112     1448.2
0.120226 3.01995   0.225158    1872.78
0.120226 3.46737   0.292266    2430.96
0.120226 3.98107   0.380621    3165.87
0.120226 4.57088   0.497027    4134.09
0.120226 5.24807   0.650437     5410.1
0.120226 6.0256   0.852642    7091.97
0.120226 6.91831    1.11918    9308.94
0.120226 7.94328    1.47053    12231.4
0.120226 9.12011     1.9337    16083.8
0.120226 10.4713    2.54426    21162.2
0.120226 12.0226    3.34913    27856.9
0.120226 13.8038    4.41016    36682.1
0.120226 15.8489    5.80886      48316
0.120226 18.197    7.65271    63652.5
0.120226 20.893    10.0834    83869.8
0.120226 23.9883    13.2876     110522
0.120226 27.5423    17.5116     145655
0.120226 31.6228    23.0799     191971
0.120226 36.3078    30.4204     253026
0.120226 41.6869    40.0971     333513
0.120226 47.863    52.8533     439615
0.120226 54.9541    69.6694     579485
0.120226 63.0957    91.8373     763869
0.120226 72.4436     121.06 1.00694e+06
0.120226 83.1764    159.584 1.32736e+06
0.120226 95.4993    210.367 1.74976e+06
0.120226 109.648    277.313 2.30659e+06
0.120226 125.893    365.565 3.04064e+06
0.120226 144.544    481.904 4.0083e+06
0.120226 165.959    635.268 5.28393e+06
0.120226 190.546    837.442 6.96554e+06
0.120226 218.776    1103.96 9.18233e+06
0.120226 251.189     1455.3 1.21046e+07
0.120226 288.403    1918.45 1.5957e+07
0.120226 331.131       2529 2.10353e+07
0.120226 380.189    3333.87 2.77299e+07
0.120226 436.516    4394.89 3.65551e+07
0.120226 501.187    5793.59 4.8189e+07
0.120226 575.44    7637.44 6.35254e+07
0.120226 660.693    10068.1 8.37428e+07
0.120226 758.578    13272.3 1.10394e+08
0.120226 870.964    17496.3 1.45528e+08
0.138038     1 0.00786354    56.9663
0.138038 1.14815   0.022106    160.144
0.138038 1.31826  0.0326721    236.688
0.138038 1.51356  0.0431927    312.904
0.138038 1.7378  0.0553075    400.668
0.138038 1.99526  0.0704343    510.252
0.138038 2.29087  0.0899729    651.796
0.138038 2.63027   0.115536    836.984
0.138038 3.01995    0.14914    1080.43
0.138038 3.46737   0.193394    1401.02
0.138038 3.98107   0.251711    1823.48
0.138038 4.57088   0.328577    2380.33
0.138038 5.24807   0.429903    3114.37
0.138038 6.0256   0.563476    4082.02
0.138038 6.91831   0.739559    5357.63
0.138038 7.94328   0.971684    7039.23
0.138038 9.12011    1.27768       9256
0.138038 10.4713    1.68107    12178.3
0.138038 12.0226    2.21284    16030.6
0.138038 13.8038    2.91385      21109
0.138038 15.8489    3.83796    27803.6
0.138038 18.197    5.05618    36628.8
0.138038 20.893     6.6621    48262.6
0.138038 23.9883    8.77911    63599.1
0.138038 27.5423    11.5699    83816.4
0.138038 31.6228    15.2488     110468
0.138038 36.3078    20.0986     145602
0.138038 41.6869    26.4919     191917
0.138038 47.863    34.9199     252973
0.138038 54.9541    46.0302     333459
0.138038 63.0957    60.6764     439561
0.138038 72.4436    79.9838     579431
0.138038 83.1764    105.436     763816
0.138038 95.4993    138.988 1.00688e+06
0.138038 109.648    183.219 1.32731e+06
0.138038 125.893    241.527 1.74971e+06
0.138038 144.544    318.391 2.30654e+06
0.138038 165.959    419.718 3.04059e+06
0.138038 190.546    553.292 4.00825e+06
0.138038 218.776    729.378 5.28388e+06
0.138038 251.189    961.504 6.96548e+06
0.138038 288.403    1267.51 9.18227e+06
0.138038 331.131     1670.9 1.21046e+07
0.138038 380.189    2202.67 1.59569e+07
0.138038 436.516    2903.68 2.10353e+07
0.138038 501.187    3827.79 2.77299e+07
0.138038 575.44       5046 3.65551e+07
0.138038 660.693    6651.93 4.81889e+07
0.138038 758.578    8768.94 6.35254e+07
0.138038 870.964    11559.7 8.37427e+07
0.158489     1 0.00674651    42.5676
0.158489 1.14815  0.0167967     105.98
0.158489 1.31826  0.0232212    146.516
0.158489 1.51356  0.0296433    187.036
0.158489 1.7378  0.0372916    235.294
0.158489 1.99526  0.0470606    296.932
0.158489 2.29087   0.059826    377.476
0.158489 2.63027  0.0766214    483.448
0.158489 3.01995  0.0987605    623.137
0.158489 3.46737   0.127955    807.343
0.158489 3.98107   0.166454    1050.25
0.158489 4.57088   0.217217    1370.55
0.158489 5.24807   0.284146    1792.84
0.158489 6.0256   0.372385    2349.59
0.158489 6.91831   0.488714    3083.58
0.158489 7.94328    0.64207    4051.19
0.158489 9.12011   0.844238    5326.78
0.158489 10.4713    1.11075    7008.36
0.158489 12.0226    1.46208    9225.12
0.158489 13.8038    1.92523    12147.4
0.158489 15.8489    2.53579    15999.7
0.158489 18.197    3.34065    21078.1
0.158489 20.893    4.40167    27772.7
0.158489 23.9883    5.80037    36597.9
0.158489 27.5423    7.64421    48231.7
0.158489 31.6228    10.0749    63568.2
0.158489 36.3078    13.2791    83785.5
0.158489 41.6869    17.5031     110437
0.158489 47.863    23.0714     145571
0.158489 54.9541    30.4119     191886
0.158489 63.0957    40.0885     252942
0.158489 72.4436    52.8448     333428
0.158489 83.1764    69.6609     439530
0.158489 95.4993    91.8288     579400
0.158489 109.648    121.052     763785
0.158489 125.893    159.575 1.00685e+06
0.158489 144.544    210.359 1.32727e+06
0.158489 165.959    277.305 1.74967e+06
0.158489 190.546    365.557 2.30651e+06
0.158489 218.776    481.895 3.04055e+06
0.158489 251.189     635.26 4.00822e+06
0.158489 288.403    837.433 5.28385e+06
0.158489 331.131    1103.95 6.96545e+06
0.158489 380.189    1455.29 9.18224e+06
0.158489 436.516    1918.44 1.21045e+07
0.158489 501.187    2528.99 1.59569e+07
0.158489 575.44    3333.86 2.10352e+07
0.158489 660.693    4394.88 2.77298e+07
0.158489 758.578    5793.58 3.6555e+07
0.158489 870.964    7637.43 4.81889e+07
0.18197     1 0.00578157    31.7721
0.18197 1.14815  0.0125953    69.2163
0.18197 1.31826  0.0163517    89.8594
0.18197 1.51356   0.020246     111.26
0.18197 1.7378  0.0250888    137.873
0.18197 1.99526  0.0314164    172.646
0.18197 2.29087  0.0397715    218.561
0.18197 2.63027   0.050817     279.26
0.18197 3.01995  0.0654099    359.454
0.18197 3.46737   0.084675    465.324
0.18197 3.98107   0.110094    605.013
0.18197 4.57088   0.143621    789.257
0.18197 5.24807   0.187832    1032.22
0.18197 6.0256   0.246125    1352.56
0.18197 6.91831   0.322978     1774.9
0.18197 7.94328   0.424296    2331.68
0.18197 9.12011   0.557864    3065.69
0.18197 10.4713   0.733945    4033.33
0.18197 12.0226   0.966067    5308.93
0.18197 13.8038    1.27207    6990.52
0.18197 15.8489    1.67545     9207.3
0.18197 18.197    2.20722    12129.6
0.18197 20.893    2.90823    15981.9
0.18197 23.9883    3.83234    21060.3
0.18197 27.5423    5.05056    27754.9
0.18197 31.6228    6.65648    36580.1
0.18197 36.3078    8.77349    48213.9
0.18197 41.6869    11.5643    63550.4
0.18197 47.863    15.2432    83767.7
0.18197 54.9541     20.093     110419
0.18197 63.0957    26.4863     145553
0.18197 72.4436    34.9143     191868
0.18197 83.1764    46.0246     252924
0.18197 95.4993    60.6707     333410
0.18197 109.648    79.9782     439513
0.18197 125.893     105.43     579383
0.18197 144.544    138.983     763767
0.18197 165.959    183.213 1.00683e+06
0.18197 190.546    241.521 1.32726e+06
0.18197 218.776    318.385 1.74966e+06
0.18197 251.189    419.712 2.30649e+06
0.18197 288.403    553.287 3.04054e+06
0.18197 331.131    729.372 4.0082e+06
0.18197 380.189    961.499 5.28383e+06
0.18197 436.516     1267.5 6.96543e+06
0.18197 501.187    1670.89 9.18222e+06
0.18197 575.44    2202.66 1.21045e+07
0.18197 660.693    2903.67 1.59569e+07
0.18197 758.578    3827.78 2.10352e+07
0.18197 870.964       5046 2.77298e+07
0.20893     1 0.00497969    23.8343
0.20893 1.14815 0.00942261    45.0995
0.20893 1.31826  0.0115109    55.0945
0.20893 1.51356  0.0138485    66.2829
0.20893 1.7378  0.0169152     80.961
0.20893 1.99526  0.0210175    100.596
0.20893 2.29087   0.026489    126.785
0.20893 2.63027  0.0337552    161.563
0.20893 3.01995  0.0433754    207.608
0.20893 3.46737  0.0560891    268.459
0.20893 3.98107   0.072873    348.792
0.20893 4.57088  0.0950166    454.778
0.20893 5.24807   0.124221     594.56
0.20893 6.0256   0.162731    778.878
0.20893 6.91831   0.213504    1021.89
0.20893 7.94328   0.280442    1342.28
0.20893 9.12011   0.368688    1764.65
0.20893 10.4713   0.485022    2321.46
0.20893 12.0226   0.638383    3055.49
0.20893 13.8038   0.840554    4023.14
0.20893 15.8489    1.10707    5298.76
0.20893 18.197     1.4584    6980.36
0.20893 20.893    1.92156    9197.14
0.20893 23.9883    2.53211    12119.4
0.20893 27.5423    3.33697    15971.8
0.20893 31.6228      4.398    21050.1
0.20893 36.3078    5.79669    27744.7
0.20893 41.6869    7.64054    36569.9
0.20893 47.863    10.0712    48203.8
0.20893 54.9541    13.2754    63540.2
0.20893 63.0957    17.4994    83757.5
0.20893 72.4436    23.0678     110409
0.20893 83.1764    30.4082     145543
0.20893 95.4993    40.0849     191858
0.20893 109.648    52.8411     252914
0.20893 125.893    69.6572     333400
0.20893 144.544    91.8251     439502
0.20893 165.959    121.048     579372
0.20893 190.546    159.571     763757
0.20893 218.776    210.355 1.00682e+06
0.20893 251.189    277.301 1.32725e+06
0.20893 288.403    365.553 1.74965e+06
0.20893 331.131    481.892 2.30648e+06
0.20893 380.189    635.256 3.04053e+06
0.20893 436.516    837.429 4.00819e+06
0.20893 501.187    1103.95 5.28382e+06
0.20893 575.44    1455.28 6.96542e+06
0.20893 660.693    1918.44 9.18221e+06
0.20893 758.578    2528.99 1.21045e+07
0.20893 870.964    3333.86 1.59568e+07
0.239883     1 1.06183e-06 0.00442643
0.239883 1.14815 5.40721e-06   0.022541
0.239883 1.31826 1.51749e-05  0.0632594
0.239883 1.51356 3.89707e-05   0.162457
0.239883 1.7378 9.58433e-05   0.399541
0.239883 1.99526 0.000229335   0.956026
0.239883 2.29087 0.000537052    2.23881
0.239883 2.63027 0.00123122    5.13259
0.239883 3.01995 0.00275136    11.4696
0.239883 3.46737 0.00593906    24.7581
0.239883 3.98107  0.0122192    50.9381
0.239883 4.57088   0.023598    98.3727
0.239883 5.24807  0.0422642    176.186
0.239883 6.0256  0.0699869    291.754
0.239883 6.91831   0.108003    450.232
0.239883 7.94328   0.157682    657.327
0.239883 9.12011   0.221388    922.901
0.239883 10.4713   0.303024    1263.21
0.239883 12.0226   0.408297    1702.06
0.239883 13.8038   0.545013    2271.99
0.239883 15.8489   0.723547    3016.25
0.239883 18.197   0.957557    3991.76
0.239883 20.893      1.265    5273.39
0.239883 23.9883    1.66948    6959.57
0.239883 27.5423    2.20209    9179.83
0.239883 31.6228    2.90373    12104.8
0.239883 36.3078    3.82832    15959.1
0.239883 41.6869     5.0469      21039
0.239883 47.863    6.65309    27734.7
0.239883 54.9541    8.77032    36560.8
0.239883 63.0957    11.5612    48195.3
0.239883 72.4436    15.2403    63532.2
0.239883 83.1764    20.0902    83749.9
0.239883 95.4993    26.4836     110402
0.239883 109.648    34.9116     145536
0.239883 125.893    46.0219     191851
0.239883 144.544    60.6681     252907
0.239883 165.959    79.9755     333394
0.239883 190.546    105.428     439496
0.239883 218.776     138.98     579366
0.239883 251.189    183.211     763750
0.239883 288.403    241.518 1.00682e+06
0.239883 331.131    318.383 1.32724e+06
0.239883 380.189    419.709 1.74964e+06
0.239883 436.516    553.284 2.30647e+06
0.239883 501.187     729.37 3.04052e+06
0.239883 575.44    961.496 4.00818e+06
0.239883 660.693     1267.5 5.28381e+06
0.239883 758.578    1670.89 6.96541e+06
0.239883 870.964    2202.66 9.1822e+06
0.275423     1 1.09473e-07 0.000397471
0.275423 1.14815 5.57731e-07   0.002025
0.275423 1.31826 1.56672e-06  0.0056884
0.275423 1.51356 4.03121e-06  0.0146364
0.275423 1.7378 9.95061e-06  0.0361285
0.275423 1.99526 2.39717e-05   0.087036
0.275423 2.29087 5.68258e-05   0.206322
0.275423 2.63027 0.000133104   0.483273
0.275423 3.01995 0.000308588    1.12041
0.275423 3.46737 0.000707893     2.5702
0.275423 3.98107 0.00160274    5.81921
0.275423 4.57088 0.00356249    12.9346
0.275423 5.24807   0.007705    27.9752
0.275423 6.0256  0.0160088    58.1246
0.275423 6.91831  0.0314646    114.241
0.275423 7.94328   0.057685    209.442
0.275423 9.12011  0.0979654    355.691
0.275423 10.4713   0.154693    561.657
0.275423 12.0226   0.229996    835.065
0.275423 13.8038    0.32715    1187.81
0.275423 15.8489   0.451698    1640.02
0.275423 18.197   0.612032    2222.15
0.275423 20.893   0.819845    2976.68
0.275423 23.9883     1.0908    3960.46
0.275423 27.5423    1.44558    5248.57
0.275423 31.6228    1.91137    6939.75
0.275423 36.3078    2.52394    9163.86
0.275423 41.6869    3.33034    12091.7
0.275423 47.863    4.39252    15948.3
0.275423 54.9541    5.79211    21029.9
0.275423 63.0957    7.63662    27726.9
0.275423 72.4436    10.0678    36553.9
0.275423 83.1764    13.2724    48189.2
0.275423 95.4993    17.4967    63526.7
0.275423 109.648    23.0652    83744.8
0.275423 125.893    30.4059     110397
0.275423 144.544    40.0826     145531
0.275423 165.959     52.839     191847
0.275423 190.546    69.6551     252902
0.275423 218.776     91.823     333389
0.275423 251.189    121.046     439492
0.275423 288.403    159.569     579361
0.275423 331.131    210.353     763746
0.275423 380.189    277.299 1.00681e+06
0.275423 436.516    365.551 1.32723e+06
0.275423 501.187    481.889 1.74963e+06
0.275423 575.44    635.254 2.30647e+06
0.275423 660.693    837.427 3.04051e+06
0.275423 758.578    1103.94 4.00818e+06
0.275423 870.964    1455.28 5.2838e+06
0.316228     1 3.39394e-08 0.000107326
0.316228 1.14815 1.72919e-07 0.000546819
0.316228 1.31826 4.85791e-07 0.00153621
0.316228 1.51356 1.25019e-06 0.00395346
0.316228 1.7378 3.08708e-06 0.00976221
0.316228 1.99526  7.442e-06  0.0235337
0.316228 2.29087 1.76632e-05  0.0558558
0.316228 2.63027 4.14637e-05    0.13112
0.316228 3.01995 9.6503e-05   0.305169
0.316228 3.46737 0.000222881   0.704812
0.316228 3.98107 0.000510536    1.61446
0.316228 4.57088  0.0011572     3.6594
0.316228 5.24807 0.00258357    8.16995
0.316228 6.0256 0.00563743    17.8271
0.316228 6.91831  0.0118843    37.5815
0.316228 7.94328  0.0238483    75.4151
0.316228 9.12011  0.0448678    141.884
0.316228 10.4713  0.0783389    247.729
0.316228 12.0226   0.126892    401.267
0.316228 13.8038   0.192546    608.883
0.316228 15.8489   0.277911    878.832
0.316228 18.197   0.387445    1225.21
0.316228 20.893   0.528177    1670.24
0.316228 23.9883   0.710147    2245.68
0.316228 27.5423   0.946949    2994.52
0.316228 31.6228    1.25659    3973.69
0.316228 36.3078    1.66279    5258.19
0.316228 41.6869     2.1967    6946.58
0.316228 47.863    2.89934    9168.53
0.316228 54.9541     3.8247    12094.8
0.316228 63.0957    5.04386    15950.1
0.316228 72.4436    6.65049    21030.7
0.316228 83.1764    8.76805      27727
0.316228 95.4993    11.5592    36553.5
0.316228 109.648    15.2385    48188.4
0.316228 125.893    20.0885    63525.5
0.316228 144.544     26.482    83743.4
0.316228 165.959    34.9101     110395
0.316228 190.546    46.0205     145529
0.316228 218.776    60.6667     191845
0.316228 251.189    79.9742     252900
0.316228 288.403    105.426     333387
0.316228 331.131    138.979     439489
0.316228 380.189    183.209     579359
0.316228 436.516    241.517     763743
0.316228 501.187    318.381 1.00681e+06
0.316228 575.44    419.708 1.32723e+06
0.316228 660.693    553.282 1.74963e+06
0.316228 758.578    729.368 2.30646e+06
0.316228 870.964    961.494 3.04051e+06
0.363078     1 2.01208e-08 5.54173e-05
0.363078 1.14815 1.02515e-07 0.000282349
0.363078 1.31826 2.88002e-07 0.000793224
0.363078 1.51356 7.41192e-07 0.00204141
0.363078 1.7378 1.83027e-06 0.00504099
0.363078 1.99526 4.41248e-06   0.012153
0.363078 2.29087 1.04739e-05  0.0288476
0.363078 2.63027 2.45921e-05  0.0677322
0.363078 3.01995 5.72559e-05   0.157696
0.363078 3.46737 0.000132319   0.364436
0.363078 3.98107 0.000303418   0.835684
0.363078 4.57088 0.00068901    1.89769
0.363078 5.24807 0.00154302    4.24984
0.363078 6.0256  0.0033837    9.31949
0.363078 6.91831 0.00718762    19.7964
0.363078 7.94328  0.0145789    40.1536
0.363078 9.12011  0.0278025    76.5744
0.363078 10.4713  0.0492732     135.71
0.363078 12.0226  0.0809514    222.959
0.363078 13.8038    0.12428    342.295
0.363078 15.8489   0.180922      498.3
0.363078 18.197   0.253682    698.699
0.363078 20.893   0.347087    955.958
0.363078 23.9883   0.467703    1288.16
0.363078 27.5423   0.624484    1719.97
0.363078 31.6228   0.829327    2284.15
0.363078 36.3078     1.0979    3023.87
0.363078 41.6869    1.45082    3995.88
0.363078 47.863    1.91517    5274.82
0.363078 54.9541    2.52664    6958.94
0.363078 63.0957     3.3322    9177.64
0.363078 72.4436    4.39375    12101.4
0.363078 83.1764    5.79285    15954.8
0.363078 95.4993    7.63699      21034
0.363078 109.648    10.0679    27729.2
0.363078 125.893    13.2723    36554.9
0.363078 144.544    17.4964    48189.1
0.363078 165.959    23.0648    63525.8
0.363078 190.546    30.4054    83743.3
0.363078 218.776     40.082     110395
0.363078 251.189    52.8383     145529
0.363078 288.403    69.6544     191844
0.363078 331.131    91.8223     252900
0.363078 380.189    121.045     333386
0.363078 436.516    159.569     439488
0.363078 501.187    210.352     579358
0.363078 575.44    277.298     763742
0.363078 660.693     365.55 1.00681e+06
0.363078 758.578    481.888 1.32723e+06
0.363078 870.964    635.252 1.74963e+06
0.416869     1 1.28804e-08 3.0898e-05
0.416869 1.14815 6.56252e-08 0.000157424
0.416869 1.31826 1.84366e-07 0.000442263
0.416869 1.51356 4.74479e-07  0.0011382
0.416869 1.7378 1.17167e-06 0.00281064
0.416869 1.99526 2.82475e-06  0.0067761
0.416869 2.29087 6.7053e-06  0.0160849
0.416869 2.63027 1.57444e-05  0.0377682
0.416869 3.01995  3.666e-05  0.0879413
0.416869 3.46737 8.47357e-05   0.203267
0.416869 3.98107 0.000194363   0.466243
0.416869 4.57088 0.000441583    1.05928
0.416869 5.24807 0.000989745    2.37423
0.416869 6.0256 0.00217337    5.21356
0.416869 6.91831 0.00462635    11.0979
0.416869 7.94328 0.00941199    22.5778
0.416869 9.12011  0.0180184     43.223
0.416869 10.4713  0.0320718     76.935
0.416869 12.0226  0.0529127    126.929
0.416869 13.8038    0.08152    195.553
0.416869 15.8489   0.118985    285.424
0.416869 18.197   0.167133    400.923
0.416869 20.893   0.228929    549.162
0.416869 23.9883   0.308697    740.513
0.416869 27.5423   0.412348    989.154
0.416869 31.6228    0.54774    1313.94
0.416869 36.3078   0.725229     1739.7
0.416869 41.6869    0.95843    2299.11
0.416869 47.863    1.26525    3035.13
0.416869 54.9541    1.66926    4004.28
0.416869 63.0957    2.20151    5281.05
0.416869 72.4436    2.90287    6963.51
0.416869 83.1764    3.82726    9180.95
0.416869 95.4993    5.04568    12103.7
0.416869 109.648    6.65175    15956.4
0.416869 125.893    8.76888    21035.1
0.416869 144.544    11.5597    27729.9
0.416869 165.959    15.2387    36555.2
0.416869 190.546    20.0886    48189.2
0.416869 218.776    26.4819    63525.7
0.416869 251.189    34.9099      83743
0.416869 288.403    46.0202     110395
0.416869 331.131    60.6663     145528
0.416869 380.189    79.9737     191844
0.416869 436.516    105.426     252899
0.416869 501.187    138.978     333385
0.416869 575.44    183.209     439487
0.416869 660.693    241.516     579357
0.416869 758.578     318.38     763741
0.416869 870.964    419.707 1.00681e+06
0.47863     1 8.39048e-09 1.75302e-05
0.47863 1.14815 4.27492e-08 8.93157e-05
0.47863 1.31826 1.20099e-07 0.000250922
0.47863 1.51356 3.09083e-07 0.000645766
0.47863 1.7378 7.63247e-07 0.00159465
0.47863 1.99526 1.8401e-06 0.00384452
0.47863 2.29087 4.36803e-06 0.00912611
0.47863 2.63027 1.02566e-05  0.0214291
0.47863 3.01995 2.38829e-05  0.0498985
0.47863 3.46737 5.52067e-05   0.115343
0.47863 3.98107 0.000126646   0.264602
0.47863 4.57088 0.000287797   0.601293
0.47863 5.24807 0.000645291     1.3482
0.47863 6.0256 0.00141783    2.96227
0.47863 6.91831 0.00302086    6.31147
0.47863 7.94328 0.00615386    12.8572
0.47863 9.12011  0.0118012    24.6561
0.47863 10.4713  0.0210462    43.9718
0.47863 12.0226  0.0347881    72.6826
0.47863 13.8038  0.0536818    112.157
0.47863 15.8489  0.0784459    163.897
0.47863 18.197   0.110279    230.406
0.47863 20.893   0.151133    315.761
0.47863 23.9883   0.203859    425.921
0.47863 27.5423    0.27236    569.041
0.47863 31.6228   0.361829    755.968
0.47863 36.3078   0.479107       1001
0.47863 41.6869   0.633191    1322.92
0.47863 47.863   0.835913    1746.47
0.47863 54.9541    1.10285    2304.17
0.47863 63.0957     1.4545    3038.88
0.47863 72.4436    1.91789    4007.05
0.47863 83.1764    2.52863    5283.05
0.47863 95.4993    3.33363    6964.94
0.47863 109.648    4.39476    9181.95
0.47863 125.893    5.79353    12104.4
0.47863 144.544    7.63743    15956.8
0.47863 165.959    10.0681    21035.3
0.47863 190.546    13.2724    27729.9
0.47863 218.776    17.4964    36555.2
0.47863 251.189    23.0647      48189
0.47863 288.403    30.4052    63525.4
0.47863 331.131    40.0818    83742.7
0.47863 380.189     52.838     110394
0.47863 436.516    69.6541     145528
0.47863 501.187    91.8219     191843
0.47863 575.44    121.045     252898
0.47863 660.693    159.568     333385
0.47863 758.578    210.351     439487
0.47863 870.964    277.297     579356
0.549541     1 6.15354e-09 1.11976e-05
0.549541 1.14815 3.13519e-08 5.70511e-05
0.549541 1.31826 8.80786e-08 0.000160277
0.549541 1.51356 2.26673e-07 0.000412477
0.549541 1.7378 5.59727e-07 0.00101854
0.549541 1.99526 1.34936e-06 0.00245543
0.549541 2.29087 3.20277e-06 0.00582809
0.549541 2.63027 7.51906e-06  0.0136824
0.549541 3.01995 1.75026e-05  0.0318496
0.549541 3.46737 4.04349e-05  0.0735795
0.549541 3.98107 9.26664e-05   0.168625
0.549541 4.57088 0.00021022   0.382537
0.549541 5.24807 0.000470003   0.855265
0.549541 6.0256 0.00102793    1.87052
0.549541 6.91831 0.00217463    3.95717
0.549541 7.94328 0.00438555    7.98039
0.549541 9.12011  0.0083026    15.1082
0.549541 10.4713   0.014596    26.5603
0.549541 12.0226  0.0237958    43.3012
0.549541 13.8038  0.0363001    66.0553
0.549541 15.8489  0.0525977     95.712
0.549541 18.197  0.0735195    133.783
0.549541 20.893    0.10039     182.68
0.549541 23.9883   0.135113    245.866
0.549541 27.5423   0.180277     328.05
0.549541 31.6228   0.239312    435.476
0.549541 36.3078   0.316736    576.366
0.549541 41.6869   0.418492     761.53
0.549541 47.863   0.552393    1005.19
0.549541 54.9541   0.728727    1326.07
0.549541 63.0957   0.961042    1748.81
0.549541 72.4436    1.26719     2305.9
0.549541 83.1764    1.67068    3040.14
0.549541 95.4993    2.20253    4007.95
0.549541 109.648     2.9036    5283.69
0.549541 125.893    3.82776    6965.37
0.549541 144.544      5.046    9182.22
0.549541 165.959    6.65194    12104.5
0.549541 190.546    8.76897    15956.9
0.549541 218.776    11.5597    21035.3
0.549541 251.189    15.2387    27729.9
0.549541 288.403    20.0885      36555
0.549541 331.131    26.4817    48188.9
0.549541 380.189    34.9097    63525.2
0.549541 436.516    46.0199    83742.5
0.549541 501.187     60.666     110394
0.549541 575.44    79.9734     145528
0.549541 660.693    105.425     191843
0.549541 758.578    138.978     252898
0.549541 870.964    183.208     333384
0.630957     1 4.34747e-09 6.89028e-06
0.630957 1.14815  2.215e-08 3.51054e-05
0.630957 1.31826 6.2227e-08 9.86231e-05
0.630957 1.51356 1.60141e-07 0.000253807
0.630957 1.7378 3.9543e-07 0.000626714
0.630957 1.99526 9.53243e-07 0.00151079
0.630957 2.29087 2.26241e-06 0.00358567
0.630957 2.63027 5.31069e-06 0.00841687
0.630957 3.01995 1.23592e-05   0.019588
0.630957 3.46737 2.8541e-05  0.0452344
0.630957 3.98107 6.53629e-05   0.103593
0.630957 4.57088 0.000148103   0.234728
0.630957 5.24807 0.00033047   0.523759
0.630957 6.0256 0.000720461    1.14185
0.630957 6.91831 0.00151681    2.40398
0.630957 7.94328 0.00303828    4.81535
0.630957 9.12011  0.0057034    9.03927
0.630957 10.4713 0.00993426    15.7447
0.630957 12.0226  0.0160557    25.4466
0.630957 13.8038  0.0243197    38.5441
0.630957 15.8489  0.0350574    55.5622
0.630957 18.197   0.048834    77.3966
0.630957 20.893  0.0665379    105.455
0.630957 23.9883  0.0894348    141.745
0.630957 27.5423   0.119237    188.977
0.630957 31.6228    0.15821    250.747
0.630957 36.3078   0.209341    331.783
0.630957 41.6869   0.276552    438.305
0.630957 47.863   0.365005    578.495
0.630957 54.9541   0.481497    763.122
0.630957 63.0957   0.634978    1006.37
0.630957 72.4436   0.837238    1326.93
0.630957 83.1764    1.10382    1749.44
0.630957 95.4993    1.45521    2306.35
0.630957 109.648     1.9184    3040.45
0.630957 125.893    2.52898    4008.16
0.630957 144.544    3.33386    5283.81
0.630957 165.959    4.39489    6965.43
0.630957 190.546    5.79359    9182.23
0.630957 218.776    7.63744    12104.5
0.630957 251.189    10.0681    15956.8
0.630957 288.403    13.2723    21035.2
0.630957 331.131    17.4963    27729.8
0.630957 380.189    23.0646    36554.9
0.630957 436.516     30.405    48188.7
0.630957 501.187    40.0816      63525
0.630957 575.44    52.8378    83742.3
0.630957 660.693    69.6537     110394
0.630957 758.578    91.8215     145527
0.630957 870.964    121.044     191842
0.724436     1 2.9173e-09 4.02699e-06
0.724436 1.14815 1.48634e-08 2.05172e-05
0.724436 1.31826 4.17562e-08 5.76396e-05
0.724436 1.51356 1.07459e-07 0.000148335
0.724436 1.7378 2.65344e-07 0.000366276
0.724436 1.99526 6.39644e-07 0.000882955
0.724436 2.29087 1.51809e-06 0.00209555
0.724436 2.63027 3.56339e-06 0.00491885
0.724436 3.01995 8.29238e-06  0.0114467
0.724436 3.46737 1.91476e-05  0.0264311
0.724436 3.98107 4.38434e-05  0.0605207
0.724436 4.57088 9.93146e-05   0.137092
0.724436 5.24807 0.000221499   0.305754
0.724436 6.0256 0.000482525    0.66607
0.724436 6.91831 0.00101471    1.40068
0.724436 7.94328 0.00202927    2.80117
0.724436 9.12011 0.00380173    5.24785
0.724436 10.4713 0.00660773     9.1212
0.724436 12.0226  0.0106581    14.7123
0.724436 13.8038   0.016118     22.249
0.724436 15.8489  0.0232075    32.0353
0.724436 18.197  0.0323025    44.5899
0.724436 20.893   0.043992    60.7259
0.724436 23.9883  0.0591132     81.599
0.724436 27.5423  0.0787975    108.771
0.724436 31.6228   0.104543    144.309
0.724436 36.3078   0.138321    190.936
0.724436 41.6869   0.182724    252.229
0.724436 47.863   0.241162    332.897
0.724436 54.9541   0.318126    439.136
0.724436 63.0957   0.419528     579.11
0.724436 72.4436   0.553159    763.572
0.724436 83.1764   0.729287     1006.7
0.724436 95.4993   0.961445    1327.16
0.724436 109.648    1.26747     1749.6
0.724436 125.893    1.67087    2306.45
0.724436 144.544    2.20265    3040.51
0.724436 165.959    2.90367    4008.18
0.724436 190.546    3.82778    5283.81
0.724436 218.776    5.04599    6965.41
0.724436 251.189    6.65191    9182.19
0.724436 288.403    8.76891    12104.5
0.724436 331.131    11.5597    15956.8
0.724436 380.189    15.2386    21035.1
0.724436 436.516    20.0883    27729.6
0.724436 501.187    26.4816    36554.8
0.724436 575.44    34.9095    48188.5
0.724436 660.693    46.0197    63524.8
0.724436 758.578    60.6657      83742
0.724436 870.964     79.973     110393
0.831764     1 1.63774e-09 1.96899e-06
0.831764 1.14815 8.34419e-09 1.00319e-05
0.831764 1.31826 2.34419e-08 2.81834e-05
0.831764 1.51356 6.03293e-08 7.25317e-05
0.831764 1.7378 1.48975e-07 0.000179108
0.831764 1.99526 3.59158e-07 0.000431803
0.831764 2.29087 8.52547e-07 0.00102499
0.831764 2.63027 2.00179e-06 0.00240668
0.831764 3.01995 4.66088e-06 0.00560361
0.831764 3.46737 1.07725e-05  0.0129514
0.831764 3.98107 2.47068e-05  0.0297042
0.831764 4.57088 5.61233e-05   0.067475
0.831764 5.24807 0.000125757   0.151193
0.831764 6.0256 0.000276026   0.331857
0.831764 6.91831 0.000587166   0.705929
0.831764 7.94328  0.0011934    1.43478
0.831764 9.12011 0.00228186     2.7434
0.831764 10.4713 0.00405606    4.87645
0.831764 12.0226 0.00668296    8.03469
0.831764 13.8038  0.0102848    12.3651
0.831764 15.8489  0.0149994    18.0332
0.831764 18.197  0.0210576    25.3168
0.831764 20.893  0.0288337    34.6657
0.831764 23.9883  0.0388726    46.7352
0.831764 27.5423  0.0519186    62.4199
0.831764 31.6228  0.0689611    82.9095
0.831764 36.3078  0.0913037    109.771
0.831764 41.6869    0.12066    145.066
0.831764 47.863   0.159286    191.503
0.831764 54.9541   0.210146    252.652
0.831764 63.0957   0.277151    333.208
0.831764 72.4436   0.365446    439.363
0.831764 83.1764   0.481818    579.273
0.831764 95.4993   0.635206    763.686
0.831764 109.648   0.837397    1006.77
0.831764 125.893    1.10393    1327.21
0.831764 144.544    1.45527    1749.62
0.831764 165.959    1.91843    2306.46
0.831764 190.546    2.52898     3040.5
0.831764 218.776    3.33384    4008.16
0.831764 251.189    4.39486    5283.78
0.831764 288.403    5.79354    6965.37
0.831764 331.131    7.63737    9182.14
0.831764 380.189     10.068    12104.4
0.831764 436.516    13.2722    15956.7
0.831764 501.187    17.4962      21035
0.831764 575.44    23.0644    27729.5
0.831764 660.693    30.4048    36554.6
0.831764 758.578    40.0813    48188.4
0.831764 870.964    52.8375    63524.6
0.954993     1 3.66972e-10 3.84267e-07
0.954993 1.14815 1.86976e-09 1.95787e-06
0.954993 1.31826 5.25311e-09 5.50068e-06
0.954993 1.51356 1.35206e-08 1.41578e-05
0.954993 1.7378 3.33937e-08 3.49675e-05
0.954993 1.99526 8.05356e-08 8.43311e-05
0.954993 2.29087 1.91293e-07 0.000200308
0.954993 2.63027 4.4967e-07 0.000470863
0.954993 3.01995 1.04912e-06 0.00109857
0.954993 3.46737 2.43346e-06 0.00254814
0.954993 3.98107 5.61602e-06 0.00588069
0.954993 4.57088 1.28948e-05  0.0135025
0.954993 5.24807 2.94256e-05  0.0308124
0.954993 6.0256 6.65721e-05  0.0697095
0.954993 6.91831 0.000148652   0.155658
0.954993 7.94328 0.000325212   0.340539
0.954993 9.12011 0.000689462   0.721956
0.954993 10.4713 0.00139618    1.46198
0.954993 12.0226 0.00265904    2.78436
0.954993 13.8038 0.00470788    4.92975
0.954993 15.8489 0.00772971      8.094
0.954993 18.197   0.011863    12.4221
0.954993 20.893  0.0172677    18.0815
0.954993 23.9883  0.0242123    25.3534
0.954993 27.5423  0.0331294    34.6907
0.954993 31.6228  0.0446458    46.7499
0.954993 36.3078  0.0596166    62.4262
0.954993 41.6869  0.0791776    82.9092
0.954993 47.863   0.104825    109.766
0.954993 54.9541   0.138527    145.056
0.954993 63.0957   0.182872    191.491
0.954993 72.4436   0.241266    252.636
0.954993 83.1764   0.318195    333.191
0.954993 95.4993   0.419571    439.344
0.954993 109.648   0.553181    579.252
0.954993 125.893   0.729294    763.664
0.954993 144.544   0.961438    1006.75
0.954993 165.959    1.26745    1327.19
0.954993 190.546    1.67085    1749.59
0.954993 218.776    2.20262    2306.43
0.954993 251.189    2.90363    3040.47
0.954993 288.403    3.82773    4008.12
0.954993 331.131    5.04593    5283.74
0.954993 380.189    6.65183    6965.32
0.954993 436.516    8.76882    9182.08
0.954993 501.187    11.5595    12104.3
0.954993 575.44    15.2384    15956.6
0.954993 660.693    20.0882    21034.9
0.954993 758.578    26.4814    27729.4
0.954993 870.964    34.9092    36554.5
1.09648     1 1.16832e-09 1.06552e-06
1.09648 1.14815 5.95239e-09 5.42864e-06
1.09648 1.31826 1.67217e-08 1.52503e-05
1.09648 1.51356 4.30301e-08 3.92439e-05
1.09648 1.7378 1.06238e-07 9.68902e-05
1.09648 1.99526 2.56038e-07 0.000233509
1.09648 2.29087 6.07396e-07 0.000553952
1.09648 2.63027 1.42461e-06 0.00129926
1.09648 3.01995 3.3106e-06 0.00301931
1.09648 3.46737 7.6258e-06 0.00695482
1.09648 3.98107 1.73881e-05  0.0158581
1.09648 4.57088 3.91086e-05  0.0356675
1.09648 5.24807 8.62079e-05  0.0786225
1.09648 6.0256 0.000184363   0.168141
1.09648 6.91831 0.000377266   0.344071
1.09648 7.94328 0.000727297   0.663302
1.09648 9.12011 0.00130437     1.1896
1.09648 10.4713 0.00216747    1.97675
1.09648 12.0226 0.00335919    3.06362
1.09648 13.8038 0.00492438    4.49109
1.09648 15.8489 0.00693724    6.32684
1.09648 18.197 0.00951958    8.68196
1.09648 20.893  0.0128506    11.7199
1.09648 23.9883  0.0171763    15.6649
1.09648 27.5423  0.0228242    20.8159
1.09648 31.6228   0.030226    27.5665
1.09648 36.3078  0.0399497    36.4345
1.09648 41.6869  0.0527417     48.101
1.09648 47.863  0.0695848    63.4621
1.09648 54.9541   0.091773     83.698
1.09648 63.0957   0.121011    110.364
1.09648 72.4436   0.159546    145.508
1.09648 83.1764   0.210338     191.83
1.09648 95.4993   0.277289    252.891
1.09648 109.648   0.365544    333.381
1.09648 125.893   0.481885    439.484
1.09648 144.544   0.635249    579.354
1.09648 165.959   0.837421    763.737
1.09648 190.546    1.10393     1006.8
1.09648 218.776    1.45527    1327.22
1.09648 251.189    1.91841    1749.61
1.09648 288.403    2.52895    2306.43
1.09648 331.131     3.3338    3040.47
1.09648 380.189     4.3948    4008.11
1.09648 436.516    5.79348    5283.71
1.09648 501.187    7.63728    6965.29
1.09648 575.44    10.0679    9182.03
1.09648 660.693    13.2721    12104.3
1.09648 758.578     17.496    15956.5
1.09648 870.964    23.0642    21034.8
1.25893     1 1.68128e-09 1.33549e-06
1.25893 1.14815 8.5652e-09 6.80358e-06
1.25893 1.31826 2.40581e-08 1.91101e-05
1.25893 1.51356 6.18911e-08 4.91618e-05
1.25893 1.7378 1.5272e-07 0.00012131
1.25893 1.99526 3.67686e-07 0.000292063
1.25893 2.29087 8.70648e-07 0.00069158
1.25893 2.63027 2.03534e-06 0.00161673
1.25893 3.01995 4.70255e-06 0.00373537
1.25893 3.46737 1.07241e-05 0.00851843
1.25893 3.98107 2.40405e-05   0.019096
1.25893 4.57088 5.25789e-05  0.0417649
1.25893 5.24807 0.000110909  0.0880978
1.25893 6.0256 0.000222312   0.176588
1.25893 6.91831 0.000417143   0.331349
1.25893 7.94328 0.000725668   0.576418
1.25893 9.12011 0.00117086   0.930046
1.25893 10.4713 0.00177055     1.4064
1.25893 12.0226 0.00254871    2.02451
1.25893 13.8038  0.0035465    2.81708
1.25893 15.8489 0.00482854    3.83545
1.25893 18.197 0.00648671    5.15258
1.25893 20.893  0.0086451    6.86705
1.25893 23.9883   0.011468    9.10936
1.25893 27.5423  0.0151716    12.0513
1.25893 31.6228  0.0200403    15.9185
1.25893 36.3078  0.0264478    21.0082
1.25893 41.6869  0.0348865    27.7114
1.25893 47.863  0.0460048    36.5429
1.25893 54.9541  0.0606569    48.1815
1.25893 63.0957  0.0799686    63.5214
1.25893 72.4436   0.105424    83.7411
1.25893 83.1764   0.138978    110.394
1.25893 95.4993    0.18321    145.529
1.25893 109.648   0.241517    191.844
1.25893 125.893   0.318381    252.899
1.25893 144.544   0.419706    333.384
1.25893 165.959   0.553277    439.484
1.25893 190.546   0.729359     579.35
1.25893 218.776    0.96148     763.73
1.25893 251.189    1.26747    1006.79
1.25893 288.403    1.67085    1327.21
1.25893 331.131    2.20261    1749.59
1.25893 380.189     2.9036    2306.41
1.25893 436.516    3.82769    3040.44
1.25893 501.187    5.04587    4008.08
1.25893 575.44    6.65175    5283.67
1.25893 660.693    8.76871    6965.23
1.25893 758.578    11.5594    9181.96
1.25893 870.964    15.2383    12104.2
1.44544     1 1.65324e-09 1.14376e-06
1.44544 1.14815 8.42175e-09 5.82643e-06
1.44544 1.31826 2.36521e-08 1.63632e-05
1.44544 1.51356 6.08306e-08 4.20845e-05
1.44544 1.7378 1.50028e-07 0.000103794
1.44544 1.99526 3.60875e-07 0.000249665
1.44544 2.29087 8.53109e-07 0.000590207
1.44544 2.63027 1.98849e-06  0.0013757
1.44544 3.01995 4.57083e-06 0.00316224
1.44544 3.46737 1.0333e-05 0.00714869
1.44544 3.98107 2.28313e-05  0.0157954
1.44544 4.57088 4.88067e-05   0.033766
1.44544 5.24807 9.95387e-05   0.068864
1.44544 6.0256 0.000190711    0.13194
1.44544 6.91831 0.000339257   0.234709
1.44544 7.94328 0.000558875   0.386647
1.44544 9.12011 0.000859455   0.594597
1.44544 10.4713 0.00125228   0.866364
1.44544 12.0226 0.00175655    1.21523
1.44544 13.8038 0.00240348     1.6628
1.44544 15.8489 0.00323847    2.24048
1.44544 18.197 0.00432352    2.99114
1.44544 20.893 0.00574094    3.97176
1.44544 23.9883  0.0075992    5.25736
1.44544 27.5423  0.0100408    6.94657
1.44544 31.6228  0.0132534    9.16912
1.44544 36.3078  0.0174837    12.0957
1.44544 41.6869  0.0230567    15.9513
1.44544 47.863  0.0304006    21.0321
1.44544 54.9541  0.0400797    27.7284
1.44544 63.0957  0.0528377    36.5547
1.44544 72.4436  0.0696547    48.1893
1.44544 83.1764  0.0918231     63.526
1.44544 95.4993   0.121046    83.7433
1.44544 109.648   0.159569    110.395
1.44544 125.893   0.210351    145.527
1.44544 144.544   0.277295    191.841
1.44544 165.959   0.365544    252.895
1.44544 190.546   0.481879    333.379
1.44544 218.776   0.635238    439.477
1.44544 251.189   0.837405    579.342
1.44544 288.403    1.10391     763.72
1.44544 331.131    1.45524    1006.78
1.44544 380.189    1.91837    1327.19
1.44544 436.516    2.52891    1749.58
1.44544 501.187    3.33374    2306.39
1.44544 575.44    4.39473    3040.41
1.44544 660.693    5.79338    4008.04
1.44544 758.578    7.63716    5283.62
1.44544 870.964    10.0677    6965.17
1.65959     1 1.76305e-09 1.06234e-06
1.65959 1.14815 8.98001e-09 5.41099e-06
1.65959 1.31826 2.52137e-08 1.51928e-05
1.65959 1.51356 6.48154e-08 3.90552e-05
1.65959 1.7378 1.59709e-07 9.6234e-05
1.65959 1.99526 3.83506e-07 0.000231085
1.65959 2.29087 9.03831e-07 0.000544612
1.65959 2.63027 2.09534e-06 0.00126257
1.65959 3.01995 4.77169e-06 0.00287523
1.65959 3.46737 1.06198e-05 0.00639908
1.65959 3.98107 2.28847e-05  0.0137894
1.65959 4.57088 4.71135e-05  0.0283887
1.65959 5.24807 9.12485e-05  0.0549827
1.65959 6.0256 0.000164183  0.0989299
1.65959 6.91831 0.000273346   0.164707
1.65959 7.94328 0.000423993   0.255481
1.65959 9.12011 0.000621626   0.374567
1.65959 10.4713 0.000875498    0.52754
1.65959 12.0226 0.00120093   0.723631
1.65959 13.8038  0.0016205   0.976446
1.65959 15.8489  0.0021652    1.30466
1.65959 18.197 0.00287631    1.73315
1.65959 20.893 0.00380819    2.29466
1.65959 23.9883 0.00503232    3.03227
1.65959 27.5423 0.00664273    4.00264
1.65959 31.6228 0.00876311     5.2803
1.65959 36.3078  0.0115564    6.96341
1.65959 41.6869  0.0152372     9.1813
1.65959 47.863  0.0200883    12.1044
1.65959 54.9541  0.0264824    15.9572
1.65959 63.0957  0.0349109    21.0359
1.65959 72.4436  0.0460213    27.7306
1.65959 83.1764  0.0606673    36.5556
1.65959 95.4993  0.0799742    48.1892
1.65959 109.648   0.105425    63.5251
1.65959 125.893   0.138977    83.7416
1.65959 144.544   0.183205    110.392
1.65959 165.959    0.24151    145.524
1.65959 190.546   0.318371    191.837
1.65959 218.776   0.419693     252.89
1.65959 251.189   0.553262    333.373
1.65959 288.403   0.729339     439.47
1.65959 331.131   0.961455    579.334
1.65959 380.189    1.26744     763.71
1.65959 436.516    1.67081    1006.76
1.65959 501.187    2.20256    1327.17
1.65959 575.44    2.90354    1749.55
1.65959 660.693     3.8276    2306.36
1.65959 758.578    5.04576    3040.37
1.65959 870.964    6.65161    4007.99
1.90546     1 2.05264e-09 1.07724e-06
1.90546 1.14815 1.04525e-08 5.48556e-06
1.90546 1.31826 2.93339e-08 1.53947e-05
1.90546 1.51356 7.53341e-08 3.95359e-05
1.90546 1.7378 1.85286e-07 9.72397e-05
1.90546 1.99526 4.43426e-07 0.000232714
1.90546 2.29087 1.03875e-06 0.000545145
1.90546 2.63027 2.38289e-06 0.00125056
1.90546 3.01995 5.33085e-06 0.00279767
1.90546 3.46737 1.15282e-05 0.00605009
1.90546 3.98107 2.3784e-05   0.012482
1.90546 4.57088 4.61028e-05  0.0241951
1.90546 5.24807 8.29295e-05   0.043522
1.90546 6.0256 0.000137926  0.0723844
1.90546 6.91831 0.00021365   0.112125
1.90546 7.94328 0.000312825   0.164173
1.90546 9.12011 0.000440099   0.230967
1.90546 10.4713 0.000603182   0.316554
1.90546 12.0226 0.000813419   0.426888
1.90546 13.8038 0.00108636   0.570132
1.90546 15.8489 0.00144271   0.757144
1.90546 18.197  0.0019097    1.00223
1.90546 20.893 0.00252318    1.32419
1.90546 23.9883 0.00333026    1.74774
1.90546 27.5423 0.00439293    2.30544
1.90546 31.6228 0.00579284    3.04013
1.90546 36.3078 0.00763756    4.00825
1.90546 41.6869  0.0100688    5.28419
1.90546 47.863  0.0132734    6.96599
1.90546 54.9541  0.0174976    9.18287
1.90546 63.0957  0.0230659    12.1052
1.90546 72.4436  0.0304062    15.9574
1.90546 83.1764  0.0400824    21.0355
1.90546 95.4993   0.052838    27.7298
1.90546 109.648  0.0696532    36.5545
1.90546 125.893  0.0918198    48.1877
1.90546 144.544   0.121041    63.5232
1.90546 165.959   0.159562    83.7393
1.90546 190.546   0.210343    110.389
1.90546 218.776   0.277284    145.521
1.90546 251.189   0.365531    191.833
1.90546 288.403   0.481863    252.885
1.90546 331.131   0.635217    333.367
1.90546 380.189   0.837378    439.462
1.90546 436.516    1.10388    579.324
1.90546 501.187    1.45519    763.697
1.90546 575.44    1.91832    1006.75
1.90546 660.693    2.52884    1327.15
1.90546 758.578    3.33365    1749.53
1.90546 870.964    4.39461    2306.32
2.18776     1 1.72375e-09 7.87905e-07
2.18776 1.14815 8.77652e-09 4.01165e-06
2.18776 1.31826 2.46233e-08 1.1255e-05
2.18776 1.51356 6.31995e-08 2.88877e-05
2.18776 1.7378 1.55267e-07 7.09707e-05
2.18776 1.99526 3.70818e-07 0.000169496
2.18776 2.29087 8.65467e-07 0.000395595
2.18776 2.63027 1.97279e-06 0.00090174
2.18776 3.01995 4.3672e-06  0.0019962
2.18776 3.46737 9.2905e-06 0.00424658
2.18776 3.98107 1.87213e-05 0.00855727
2.18776 4.57088 3.52117e-05  0.0160948
2.18776 5.24807 6.12492e-05  0.0279963
2.18776 6.0256 9.86547e-05  0.0450939
2.18776 6.91831 0.000148823  0.0680253
2.18776 7.94328 0.000213715  0.0976865
2.18776 9.12011 0.000296774   0.135652
2.18776 10.4713 0.00040341   0.184394
2.18776 12.0226 0.000541297    0.24742
2.18776 13.8038 0.000720776   0.329458
2.18776 15.8489 0.000955523   0.436758
2.18776 18.197 0.00126352   0.577542
2.18776 20.893 0.00166842   0.762617
2.18776 23.9883 0.00220133     1.0062
2.18776 27.5423 0.00290317    1.32701
2.18776 31.6228 0.00382788    1.74968
2.18776 36.3078 0.00504651     2.3067
2.18776 41.6869 0.00665269    3.04087
2.18776 47.863 0.00876983    4.00859
2.18776 54.9541  0.0115606    5.28421
2.18776 63.0957  0.0152394    6.96576
2.18776 72.4436   0.020089    9.18243
2.18776 83.1764  0.0264818    12.1045
2.18776 95.4993  0.0349092    15.9566
2.18776 109.648  0.0460186    21.0346
2.18776 125.893  0.0606636    27.7286
2.18776 144.544  0.0799695    36.5531
2.18776 165.959    0.10542    48.1861
2.18776 190.546   0.138969    63.5213
2.18776 218.776   0.183197     83.737
2.18776 251.189   0.241499    110.386
2.18776 288.403   0.318357    145.517
2.18776 331.131   0.419676    191.829
2.18776 380.189    0.55324    252.879
2.18776 436.516   0.729311    333.359
2.18776 501.187   0.961418    439.453
2.18776 575.44     1.2674    579.311
2.18776 660.693    1.67075    763.681
2.18776 758.578    2.20248    1006.73
2.18776 870.964    2.90343    1327.12
2.51189     1 1.23316e-09 4.9093e-07
2.51189 1.14815 6.2786e-09 2.49956e-06
2.51189 1.31826 1.76139e-08 7.01221e-06
2.51189 1.51356 4.52006e-08 1.79947e-05
2.51189 1.7378 1.11007e-07 4.41925e-05
2.51189 1.99526 2.64922e-07 0.000105467
2.51189 2.29087 6.17497e-07 0.00024583
2.51189 2.63027 1.40431e-06 0.000559064
2.51189 3.01995 3.09682e-06 0.00123287
2.51189 3.46737 6.54889e-06 0.00260716
2.51189 3.98107 1.30865e-05 0.00520983
2.51189 4.57088 2.43582e-05 0.00969718
2.51189 5.24807 4.18981e-05  0.0166799
2.51189 6.0256 6.67932e-05  0.0265909
2.51189 6.91831 9.99299e-05  0.0397828
2.51189 7.94328 0.000142655  0.0567918
2.51189 9.12011 0.000197319   0.078554
2.51189 10.4713 0.000267555   0.106515
2.51189 12.0226 0.00035846   0.142706
2.51189 13.8038 0.000476877   0.189848
2.51189 15.8489 0.000631841    0.25154
2.51189 18.197 0.000835231   0.332511
2.51189 20.893 0.00110266   0.438978
2.51189 23.9883 0.00145468   0.579118
2.51189 27.5423 0.00191833   0.763699
2.51189 31.6228 0.00252923     1.0069
2.51189 36.3078 0.00333432    1.32742
2.51189 41.6869 0.00439547    1.74987
2.51189 47.863  0.0057942    2.30671
2.51189 54.9541 0.00763798    3.04073
2.51189 63.0957  0.0100685    4.00833
2.51189 72.4436  0.0132724    5.28386
2.51189 83.1764  0.0174961    6.96531
2.51189 95.4993  0.0230638    9.18187
2.51189 109.648  0.0304035    12.1039
2.51189 125.893  0.0400792    15.9558
2.51189 144.544  0.0528341    21.0336
2.51189 165.959  0.0696484    27.7275
2.51189 190.546  0.0918139    36.5518
2.51189 218.776   0.121034    48.1844
2.51189 251.189   0.159553    63.5192
2.51189 288.403   0.210331    83.7343
2.51189 331.131    0.27727    110.383
2.51189 380.189   0.365512    145.513
2.51189 436.516   0.481839    191.823
2.51189 501.187   0.635186    252.872
2.51189 575.44   0.837338     333.35
2.51189 660.693    1.10383    439.441
2.51189 758.578    1.45513    579.296
2.51189 870.964    1.91823    763.661
2.88403     1 8.33326e-10 2.88945e-07
2.88403 1.14815 4.24312e-09 1.47125e-06
2.88403 1.31826 1.1904e-08 4.12756e-06
2.88403 1.51356 3.05486e-08 1.05923e-05
2.88403 1.7378 7.5022e-08 2.60129e-05
2.88403 1.99526 1.79027e-07 6.20751e-05
2.88403 2.29087 4.17186e-07 0.000144654
2.88403 2.63027 9.48286e-07 0.000328806
2.88403 3.01995 2.08925e-06 0.000724422
2.88403 3.46737 4.4114e-06  0.0015296
2.88403 3.98107 8.79528e-06 0.00304965
2.88403 4.57088 1.63234e-05 0.00565991
2.88403 5.24807 2.7988e-05 0.00970445
2.88403 6.0256 4.44838e-05  0.0154242
2.88403 6.91831 6.63883e-05  0.0230193
2.88403 7.94328 9.45992e-05   0.032801
2.88403 9.12011 0.000130684  0.0453129
2.88403 10.4713 0.000177053  0.0613907
2.88403 12.0226 0.00023708  0.0822043
2.88403 13.8038 0.000315288   0.109322
2.88403 15.8489 0.000417646   0.144813
2.88403 18.197 0.000552002     0.1914
2.88403 20.893 0.000728673   0.252658
2.88403 23.9883 0.00096123   0.333294
2.88403 27.5423 0.00126754   0.439503
2.88403 31.6228 0.00167114   0.579445
2.88403 36.3078 0.00220304   0.763874
2.88403 41.6869  0.0029041    1.00696
2.88403 47.863  0.0038282    1.32738
2.88403 54.9541 0.00504633    1.74975
2.88403 63.0957 0.00665209    2.30652
2.88403 72.4436 0.00876886    3.04049
2.88403 83.1764  0.0115593    4.00802
2.88403 95.4993  0.0152377    5.28348
2.88403 109.648  0.0200869    6.96486
2.88403 125.893  0.0264793    9.18134
2.88403 144.544  0.0349061    12.1032
2.88403 165.959  0.0460148     15.955
2.88403 190.546  0.0606589    21.0327
2.88403 218.776  0.0799636    27.7263
2.88403 251.189   0.105412    36.5503
2.88403 288.403    0.13896    48.1825
2.88403 331.131   0.183184    63.5167
2.88403 380.189   0.241483    83.7312
2.88403 436.516   0.318337    110.379
2.88403 501.187   0.419649    145.508
2.88403 575.44   0.553205    191.817
2.88403 660.693   0.729266    252.863
2.88403 758.578   0.961359    333.339
2.88403 870.964    1.26732    439.426
3.31131     1 6.50007e-10 1.96299e-07
3.31131 1.14815 3.30915e-09 9.99347e-07
3.31131 1.31826 9.28093e-09 2.8028e-06
3.31131 1.51356 2.38031e-08 7.18841e-06
3.31131 1.7378 5.83916e-08 1.7634e-05
3.31131 1.99526 1.39064e-07 4.19965e-05
3.31131 2.29087 3.22932e-07 9.75238e-05
3.31131 2.63027 7.29726e-07 0.000220374
3.31131 3.01995 1.59257e-06 0.000480949
3.31131 3.46737 3.31538e-06 0.00100123
3.31131 3.98107 6.48464e-06 0.00195833
3.31131 4.57088 1.17643e-05 0.00355276
3.31131 5.24807 1.97078e-05 0.00595167
3.31131 6.0256 3.06921e-05 0.00926886
3.31131 6.91831 4.5096e-05  0.0136188
3.31131 7.94328 6.35701e-05  0.0191979
3.31131 9.12011 8.72136e-05  0.0263381
3.31131 10.4713 0.00011766  0.0355327
3.31131 12.0226 0.000157156  0.0474603
3.31131 13.8038 0.000208694  0.0630245
3.31131 15.8489 0.000276215  0.0834155
3.31131 18.197 0.000364899   0.110198
3.31131 20.893 0.000481558   0.145428
3.31131 23.9883 0.000635153   0.191813
3.31131 27.5423 0.000837485   0.252917
3.31131 31.6228  0.0011041   0.333433
3.31131 36.3078 0.00145549    0.43955
3.31131 41.6869 0.00191864   0.579419
3.31131 47.863 0.00252914   0.763789
3.31131 54.9541 0.00333391    1.00682
3.31131 63.0957 0.00439477     1.3272
3.31131 72.4436 0.00579323    1.74953
3.31131 83.1764 0.00763676    2.30626
3.31131 95.4993   0.010067    3.04018
3.31131 109.648  0.0132706    4.00766
3.31131 125.893  0.0174938    5.28306
3.31131 144.544  0.0230611    6.96435
3.31131 165.959  0.0304002    9.18073
3.31131 190.546  0.0400751    12.1025
3.31131 218.776   0.052829    15.9541
3.31131 251.189  0.0696419    21.0315
3.31131 288.403  0.0918056    27.7249
3.31131 331.131   0.121023    36.5484
3.31131 380.189   0.159539    48.1801
3.31131 436.516   0.210313    63.5136
3.31131 501.187   0.277247    83.7272
3.31131 575.44   0.365482    110.374
3.31131 660.693   0.481799    145.501
3.31131 758.578   0.635135    191.808
3.31131 870.964    0.83727    252.852
3.80189     1 2.44292e-10 6.42553e-08
3.80189 1.14815 1.24405e-09 3.27219e-07
3.80189 1.31826 3.49158e-09 9.18379e-07
3.80189 1.51356 8.96822e-09 2.35888e-06
3.80189 1.7378 2.20634e-08 5.80326e-06
3.80189 1.99526 5.28263e-08 1.38947e-05
3.80189 2.29087 1.23848e-07 3.25754e-05
3.80189 2.63027 2.84496e-07 7.48302e-05
3.80189 3.01995 6.37891e-07 0.000167783
3.80189 3.46737 1.38434e-06 0.00036412
3.80189 3.98107 2.87076e-06 0.000755088
3.80189 4.57088 5.60234e-06 0.00147356
3.80189 5.24807 1.01559e-05 0.00267127
3.80189 6.0256 1.70208e-05 0.00447692
3.80189 6.91831 2.6538e-05 0.00698022
3.80189 7.94328 3.90469e-05  0.0102704
3.80189 9.12011 5.51155e-05  0.0144968
3.80189 10.4713 7.56975e-05  0.0199105
3.80189 12.0226 0.000102211  0.0268843
3.80189 13.8038 0.00013661  0.0359321
3.80189 15.8489 0.000181498  0.0477388
3.80189 18.197 0.000240306  0.0632069
3.80189 20.893 0.000317545  0.0835229
3.80189 23.9883 0.000419147   0.110247
3.80189 27.5423 0.000552917   0.145432
3.80189 31.6228 0.000729133   0.191781
3.80189 36.3078 0.000961333   0.252856
3.80189 41.6869 0.00126736   0.333349
3.80189 47.863 0.00167072   0.439445
3.80189 54.9541 0.00220242   0.579296
3.80189 63.0957  0.0029033   0.763646
3.80189 72.4436 0.00382722    1.00666
3.80189 83.1764 0.00504516    1.32701
3.80189 95.4993  0.0066507    1.74931
3.80189 109.648 0.00876721    2.30601
3.80189 125.893  0.0115573    3.03988
3.80189 144.544  0.0152354    4.00731
3.80189 165.959   0.020084    5.28262
3.80189 190.546  0.0264757    6.96381
3.80189 218.776  0.0349016    9.18006
3.80189 251.189  0.0460091    12.1016
3.80189 288.403  0.0606517     15.953
3.80189 331.131  0.0799543    21.0301
3.80189 380.189     0.1054    27.7231
3.80189 436.516   0.138944    36.5461
3.80189 501.187   0.183164    48.1771
3.80189 575.44   0.241457    63.5097
3.80189 660.693   0.318302    83.7221
3.80189 758.578   0.419604    110.367
3.80189 870.964   0.553146    145.492
4.36516     1 4.74202e-11 1.08633e-08
4.36516 1.14815 2.41572e-10 5.53409e-08
4.36516 1.31826 6.78496e-10 1.55434e-07
4.36516 1.51356 1.7453e-09 3.99825e-07
4.36516 1.7378 4.30581e-09 9.86404e-07
4.36516 1.99526 1.03631e-08 2.37404e-06
4.36516 2.29087 2.45238e-08 5.61807e-06
4.36516 2.63027 5.72679e-08 1.31193e-05
4.36516 3.01995 1.32066e-07 3.02545e-05
4.36516 3.46737 3.00206e-07 6.87733e-05
4.36516 3.98107 6.69394e-07 0.000153349
4.36516 4.57088 1.4516e-06 0.000332543
4.36516 5.24807 3.02307e-06 0.000692545
4.36516 6.0256 5.95434e-06 0.00136406
4.36516 6.91831 1.09371e-05 0.00250554
4.36516 7.94328 1.86039e-05 0.00426191
4.36516 9.12011 2.94122e-05 0.00673795
4.36516 10.4713 4.37657e-05  0.0100261
4.36516 12.0226 6.22848e-05  0.0142686
4.36516 13.8038 8.60218e-05  0.0197065
4.36516 15.8489 0.000116574  0.0267055
4.36516 18.197 0.000156168   0.035776
4.36516 20.893 0.000207788  0.0476014
4.36516 23.9883 0.000275372  0.0630841
4.36516 27.5423 0.000364102  0.0834109
4.36516 31.6228 0.00048079   0.110143
4.36516 36.3078 0.000634398   0.145332
4.36516 41.6869 0.00083673   0.191684
4.36516 47.863 0.00110333   0.252758
4.36516 54.9541 0.00145468   0.333248
4.36516 63.0957 0.00191778   0.439338
4.36516 72.4436 0.00252821    0.57918
4.36516 83.1764 0.00333287   0.763517
4.36516 95.4993 0.00439359    1.00651
4.36516 109.648 0.00579187    1.32684
4.36516 125.893 0.00763513    1.74911
4.36516 144.544   0.010065    2.30576
4.36516 165.959  0.0132682    3.03958
4.36516 190.546  0.0174909    4.00693
4.36516 218.776  0.0230574    5.28214
4.36516 251.189  0.0303955     6.9632
4.36516 288.403   0.040069    9.17927
4.36516 331.131  0.0528211    12.1006
4.36516 380.189  0.0696317    15.9517
4.36516 436.516  0.0917923    21.0284
4.36516 501.187   0.121006    27.7208
4.36516 575.44   0.159517    36.5431
4.36516 660.693   0.210284    48.1732
4.36516 758.578   0.277208    63.5047
4.36516 870.964   0.365431    83.7154
5.01187     1 2.20932e-11 4.40817e-09
5.01187 1.14815 1.12554e-10 2.24574e-08
5.01187 1.31826 3.16153e-10 6.30809e-08
5.01187 1.51356 8.13386e-10 1.62292e-07
5.01187 1.7378 2.00738e-09 4.00525e-07
5.01187 1.99526 4.83436e-09 9.64581e-07
5.01187 2.29087 1.14536e-08 2.28529e-06
5.01187 2.63027 2.68018e-08 5.34766e-06
5.01187 3.01995 6.20328e-08 1.23772e-05
5.01187 3.46737 1.41896e-07 2.83119e-05
5.01187 3.98107 3.19733e-07 6.37952e-05
5.01187 4.57088 7.05178e-07 0.000140702
5.01187 5.24807 1.50683e-06 0.000300651
5.01187 6.0256 3.07629e-06 0.000613801
5.01187 6.91831 5.90846e-06 0.00117889
5.01187 7.94328 1.05473e-05 0.00210446
5.01187 9.12011 1.74422e-05 0.00348018
5.01187 10.4713 2.69188e-05   0.005371
5.01187 12.0226 3.93343e-05 0.00784822
5.01187 13.8038 5.52884e-05  0.0110315
5.01187 15.8489 7.57588e-05  0.0151159
5.01187 18.197 0.000102175  0.0203866
5.01187 20.893 0.000136494   0.027234
5.01187 23.9883 0.000181315  0.0361772
5.01187 27.5423 0.000240069     0.0479
5.01187 31.6228 0.000317261  0.0633018
5.01187 36.3078 0.000418819  0.0835654
5.01187 41.6869 0.000552546   0.110247
5.01187 47.863 0.000728715   0.145398
5.01187 54.9541 0.000960862   0.191717
5.01187 63.0957 0.00126682   0.252765
5.01187 72.4436 0.00167011   0.333231
5.01187 83.1764  0.0022017   0.439298
5.01187 95.4993 0.00290245   0.579116
5.01187 109.648  0.0038262   0.763427
5.01187 125.893 0.00504391    1.00639
5.01187 144.544 0.00664916    1.32668
5.01187 165.959 0.00876528     1.7489
5.01187 190.546  0.0115549     2.3055
5.01187 218.776  0.0152322    3.03923
5.01187 251.189    0.02008    4.00648
5.01187 288.403  0.0264705    5.28156
5.01187 331.131  0.0348949    6.96245
5.01187 380.189  0.0460004    9.17828
5.01187 436.516  0.0606403    12.0993
5.01187 501.187  0.0799394      15.95
5.01187 575.44   0.105381    21.0262
5.01187 660.693   0.138919    27.7179
5.01187 758.578    0.18313    36.5393
5.01187 870.964   0.241413    48.1682
5.7544     1 1.35674e-11 2.35774e-09
5.7544 1.14815 6.9119e-11 1.20115e-08
5.7544 1.31826 1.94151e-10 3.37396e-08
5.7544 1.51356 4.99516e-10 8.6806e-08
5.7544 1.7378 1.23283e-09 2.14242e-07
5.7544 1.99526 2.96931e-09 5.16007e-07
5.7544 2.29087 7.03618e-09 1.22275e-06
5.7544 2.63027 1.64704e-08 2.86223e-06
5.7544 3.01995 3.81435e-08 6.62857e-06
5.7544 3.46737 8.73413e-08 1.51782e-05
5.7544 3.98107 1.97155e-07 3.42617e-05
5.7544 4.57088 4.36102e-07 7.57859e-05
5.7544 5.24807 9.36134e-07 0.000162681
5.7544 6.0256 1.92391e-06 0.000334338
5.7544 6.91831 3.72739e-06 0.000647746
5.7544 7.94328 6.72045e-06 0.00116788
5.7544 9.12011 1.12237e-05 0.00195046
5.7544 10.4713 1.74681e-05 0.00303561
5.7544 12.0226 2.56875e-05 0.00446397
5.7544 13.8038 3.62642e-05 0.00630199
5.7544 15.8489 4.98306e-05 0.00865957
5.7544 18.197 6.73228e-05  0.0116994
5.7544 20.893 9.00291e-05  0.0156453
5.7544 23.9883 0.000119667  0.0207958
5.7544 27.5423 0.000158503  0.0275446
5.7544 31.6228 0.000209514  0.0364093
5.7544 36.3078 0.000276617  0.0480705
5.7544 41.6869 0.000364968  0.0634241
5.7544 47.863 0.000481353  0.0836496
5.7544 54.9541 0.000634717   0.110301
5.7544 63.0957 0.000836841   0.145426
5.7544 72.4436 0.00110326   0.191724
5.7544 83.1764 0.00145443   0.252751
5.7544 95.4993 0.00191735   0.333197
5.7544 109.648 0.00252758   0.439243
5.7544 125.893 0.00333201   0.579037
5.7544 144.544 0.00439244   0.763319
5.7544 165.959 0.00579036    1.00625
5.7544 190.546 0.00763316    1.32649
5.7544 218.776  0.0100625    1.74865
5.7544 251.189  0.0132649    2.30517
5.7544 288.403  0.0174865     3.0388
5.7544 331.131  0.0230517    4.00592
5.7544 380.189   0.030388    5.28083
5.7544 436.516  0.0400591    6.96148
5.7544 501.187  0.0528082    9.17701
5.7544 575.44  0.0696147    12.0977
5.7544 660.693  0.0917701    15.9478
5.7544 758.578   0.120976    21.0233
5.7544 870.964   0.159478    27.7141
6.60693     1 9.46531e-12 1.43263e-09
6.60693 1.14815 4.82204e-11 7.29845e-09
6.60693 1.31826 1.35446e-10 2.05005e-08
6.60693 1.51356 3.48467e-10 5.27426e-08
6.60693 1.7378 8.59988e-10 1.30165e-07
6.60693 1.99526 2.07111e-09 3.13475e-07
6.60693 2.29087 4.90695e-09 7.42697e-07
6.60693 2.63027 1.1483e-08 1.73802e-06
6.60693 3.01995 2.65801e-08 4.02306e-06
6.60693 3.46737 6.08125e-08 9.20435e-06
6.60693 3.98107 1.37081e-07 2.0748e-05
6.60693 4.57088 3.02534e-07 4.57903e-05
6.60693 5.24807 6.47148e-07 9.79498e-05
6.60693 6.0256 1.32332e-06 0.000200292
6.60693 6.91831 2.54707e-06 0.000385514
6.60693 7.94328 4.55818e-06 0.000689908
6.60693 9.12011 7.55684e-06 0.00114377
6.60693 10.4713 1.16879e-05 0.00176904
6.60693 12.0226 1.71072e-05 0.00258928
6.60693 13.8038 2.40742e-05 0.00364378
6.60693 15.8489 3.30134e-05 0.00499678
6.60693 18.197 4.45471e-05 0.00674248
6.60693 20.893 5.95283e-05 0.00900997
6.60693 23.9883 7.90921e-05  0.0119711
6.60693 27.5423 0.000104734  0.0158522
6.60693 31.6228 0.000138422   0.020951
6.60693 36.3078 0.000182742  0.0276591
6.60693 41.6869 0.000241099  0.0364918
6.60693 47.863 0.000317976  0.0481276
6.60693 54.9541 0.000419281  0.0634607
6.60693 63.0957 0.000552797  0.0836691
6.60693 72.4436 0.000728782   0.110306
6.60693 83.1764 0.000960758   0.145417
6.60693 95.4993 0.00126655     0.1917
6.60693 109.648 0.00166965   0.252712
6.60693 125.893 0.00220103    0.33314
6.60693 144.544 0.00290153   0.439164
6.60693 165.959 0.00382496    0.57893
6.60693 190.546 0.00504227   0.763178
6.60693 218.776 0.00664699    1.00606
6.60693 251.189 0.00876243    1.32625
6.60693 288.403  0.0115511    1.74833
6.60693 331.131  0.0152273    2.30475
6.60693 380.189  0.0200735    3.03825
6.60693 436.516   0.026462    4.00519
6.60693 501.187  0.0348837    5.27986
6.60693 575.44  0.0459857    6.96021
6.60693 660.693  0.0606209    9.17535
6.60693 758.578  0.0799139    12.0955
6.60693 870.964   0.105347    15.9449
7.58578     1 7.08481e-12 9.33959e-10
7.58578 1.14815 3.60922e-11 4.75788e-09
7.58578 1.31826 1.01375e-10 1.33639e-08
7.58578 1.51356 2.60795e-10 3.43795e-08
7.58578 1.7378 6.43543e-10 8.48355e-08
7.58578 1.99526 1.5495e-09 2.04264e-07
7.58578 2.29087 3.66972e-09 4.83763e-07
7.58578 2.63027 8.58181e-09 1.1313e-06
7.58578 3.01995 1.98411e-08 2.61556e-06
7.58578 3.46737 4.53022e-08  5.972e-06
7.58578 3.98107 1.01772e-07 1.34161e-05
7.58578 4.57088 2.23374e-07 2.94464e-05
7.58578 5.24807 4.7379e-07 6.24576e-05
7.58578 6.0256 9.57222e-07 0.000126186
7.58578 6.91831 1.81426e-06 0.000239166
7.58578 7.94328 3.19137e-06 0.000420704
7.58578 9.12011 5.20393e-06 0.000686011
7.58578 10.4713 7.93833e-06 0.00104648
7.58578 12.0226 1.15011e-05 0.00151614
7.58578 13.8038 1.6074e-05 0.00211896
7.58578 15.8489 2.19466e-05 0.00289312
7.58578 18.197 2.95354e-05 0.00389353
7.58578 20.893 3.9406e-05 0.00519472
7.58578 23.9883 5.23083e-05 0.00689558
7.58578 27.5423  6.923e-05  0.0091263
7.58578 31.6228 9.14696e-05   0.012058
7.58578 36.3078 0.000120735   0.015916
7.58578 41.6869 0.000159275  0.0209965
7.58578 47.863 0.00021005  0.0276899
7.58578 54.9541 0.000276961  0.0365106
7.58578 63.0957 0.00036515  0.0481361
7.58578 72.4436 0.000481392  0.0634598
7.58578 83.1764 0.000634619   0.083659
7.58578 95.4993 0.000836603   0.110286
7.58578 109.648 0.00110287   0.145386
7.58578 125.893 0.00145386   0.191656
7.58578 144.544 0.00191656   0.252652
7.58578 165.959 0.00252652    0.33306
7.58578 190.546  0.0033306   0.439058
7.58578 218.776 0.00439058   0.578791
7.58578 251.189  0.0057879   0.762994
7.58578 288.403 0.00762993    1.00582
7.58578 331.131  0.0100582    1.32593
7.58578 380.189  0.0132593    1.74791
7.58578 436.516  0.0174791     2.3042
7.58578 501.187   0.023042    3.03752
7.58578 575.44  0.0303752    4.00423
7.58578 660.693  0.0400423     5.2786
7.58578 758.578   0.052786    6.95855
7.58578 870.964  0.0695855    9.17316
8.70964     1 5.5057e-12 6.32139e-10
8.70964 1.14815 2.8047e-11 3.22022e-09
8.70964 1.31826 7.8774e-11 9.04447e-09
8.70964 1.51356 2.02632e-10 2.32653e-08
8.70964 1.7378 4.99931e-10 5.73997e-08
8.70964 1.99526 1.20333e-09 1.38161e-07
8.70964 2.29087 2.84825e-09 3.27023e-07
8.70964 2.63027 6.65406e-09 7.63988e-07
8.70964 3.01995 1.53572e-08 1.76324e-06
8.70964 3.46737 3.49595e-08 4.01389e-06
8.70964 3.98107 7.81453e-08 8.97229e-06
8.70964 4.57088 1.70149e-07 1.95357e-05
8.70964 5.24807 3.56543e-07 4.09366e-05
8.70964 6.0256 7.08296e-07 8.13232e-05
8.70964 6.91831 1.31471e-06 0.000150949
8.70964 7.94328 2.2612e-06 0.00025962
8.70964 9.12011 3.61109e-06 0.000414608
8.70964 10.4713 5.41666e-06 0.000621916
8.70964 12.0226 7.7532e-06 0.000890187
8.70964 13.8038 1.07492e-05 0.00123417
8.70964 15.8489 1.46027e-05 0.00167661
8.70964 18.197 1.95922e-05 0.00224949
8.70964 20.893 2.60926e-05 0.00299583
8.70964 23.9883 3.45992e-05 0.00397252
8.70964 27.5423 4.57639e-05  0.0052544
8.70964 31.6228 6.04436e-05 0.00693986
8.70964 36.3078 7.97661e-05 0.00915837
8.70964 41.6869 0.000105216  0.0120804
8.70964 47.863 0.000138748  0.0159304
8.70964 54.9541 0.000182938  0.0210041
8.70964 63.0957 0.000241184  0.0276916
8.70964 72.4436 0.000317958  0.0365065
8.70964 83.1764 0.000419161  0.0481261
8.70964 95.4993 0.000552568  0.0634433
8.70964 109.648 0.000728429  0.0836349
8.70964 125.893 0.000960258   0.110252
8.70964 144.544 0.00126586   0.145341
8.70964 165.959 0.00166873   0.191596
8.70964 190.546 0.00219981   0.252572
8.70964 218.776 0.00289991   0.332955
8.70964 251.189 0.00382283   0.438919
8.70964 288.403 0.00503946   0.578607
8.70964 331.131  0.0066433   0.762752
8.70964 380.189 0.00875756     1.0055
8.70964 436.516  0.0115447    1.32551
8.70964 501.187  0.0152189    1.74736
8.70964 575.44  0.0200624    2.30347
8.70964 660.693  0.0264474    3.03657
8.70964 758.578  0.0348644    4.00297
8.70964 870.964  0.0459603    5.27694
