            100    1.86498e-07    1.86285e-09    1.75478e-11    3.45857e-11    3.14566e-09
        102.329    1.92851e-07    1.92596e-09    1.79816e-11    4.26216e-11      3.849e-09
        104.713    1.99873e-07    1.99566e-09    1.84281e-11    5.33188e-11    4.77412e-09
        107.152    2.07783e-07    2.07406e-09     1.8888e-11    6.78929e-11    6.01676e-09
        109.648    2.16912e-07    2.16445e-09    1.93619e-11    8.83086e-11    7.72788e-09
        112.202    2.27799e-07     2.2721e-09    1.98507e-11    1.17893e-10    1.01556e-08
        114.815    2.41356e-07    2.40605e-09    2.03551e-11    1.62621e-10    1.37289e-08
         117.49    2.59255e-07    2.58289e-09    2.08761e-11    2.34029e-10    1.92369e-08
        120.226    2.84844e-07    2.83624e-09    2.14148e-11    3.56663e-10     2.8251e-08
        123.027    3.25718e-07    3.24388e-09    2.19723e-11    5.90116e-10    4.42443e-08
        125.893     4.0236e-07    4.02406e-09    2.25501e-11    1.11016e-09    7.60719e-08
        128.825    5.86435e-07    6.02023e-09    2.31496e-11    2.63117e-09    1.51521e-07
        131.826    1.25072e-06    1.55711e-08    2.37728e-11     1.0809e-08    3.90911e-07
        134.896    3.64851e-06    2.41189e-06    2.44216e-11    2.16818e-06     1.6129e-06
        138.038    9.45254e-07    1.40363e-08    2.50986e-11     1.4556e-08    2.13902e-06
        141.254    4.43629e-07    4.80517e-09    2.58066e-11     3.7882e-09    5.59181e-07
        144.544    3.25887e-07    3.32604e-09    2.65491e-11    1.80026e-09    2.38568e-07
        147.911    2.88303e-07    2.89927e-09    2.73304e-11    1.09347e-09    1.34966e-07
        151.356    2.75526e-07    2.75914e-09    2.81555e-11    7.60675e-10    8.95342e-08
        154.882    2.72638e-07    2.72685e-09    2.90309e-11    5.77572e-10      6.572e-08
        158.489     2.7446e-07    2.74426e-09    2.99648e-11    4.66746e-10     5.1773e-08
        162.181    2.78877e-07    2.78848e-09    3.09674e-11     3.9564e-10     4.3014e-08
        165.959    2.84933e-07    2.84939e-09    3.20526e-11    3.48685e-10    3.72934e-08
        169.824    2.92178e-07    2.92233e-09    3.32392e-11    3.17824e-10    3.35285e-08
         173.78    3.00419e-07    3.00529e-09    3.45539e-11    2.98813e-10    3.11522e-08
        177.828    3.09609e-07     3.0978e-09     3.6037e-11    2.89729e-10    2.98928e-08
         181.97    3.19812e-07    3.20052e-09    3.77551e-11    2.90662e-10    2.97117e-08
        186.209    3.31204e-07    3.31528e-09    3.98402e-11    3.05102e-10    3.09247e-08
        190.546     3.4411e-07    3.44552e-09    4.27232e-11    3.52237e-10    3.54158e-08
        194.984    3.59106e-07    3.59695e-09    4.64955e-11    4.39231e-10    4.38717e-08
        199.526    3.77304e-07    3.77994e-09     4.9417e-11    4.52437e-10     4.4994e-08
        204.174    4.01261e-07    4.02079e-09    5.32034e-11    4.66018e-10    4.61363e-08
         208.93    4.40258e-07    4.41282e-09    5.92683e-11    4.80467e-10    4.72914e-08
        213.796     0.00238206    2.38206e-05    2.38222e-07     2.8756e-09    4.84609e-08
        218.776     0.00415726    4.15726e-05     4.1574e-07    4.66022e-09    4.95916e-08
        223.872     0.00542568    5.42568e-05     5.4258e-07    5.93777e-09    5.06696e-08
        229.087     0.00649352    6.49352e-05    6.49363e-07    7.01415e-09    5.16807e-08
        234.423     0.00744938    7.44939e-05    7.44947e-07    7.97775e-09    5.26101e-08
        239.883      0.0083336     8.3336e-05    8.33367e-07    8.86875e-09    5.34435e-08
        245.471     0.00916854    9.16854e-05     9.1686e-07    9.70939e-09    5.41673e-08
        251.189     0.00996815    9.96815e-05    9.96819e-07    1.05135e-08    5.47683e-08
         257.04      0.0107418    0.000107418    1.07419e-06    1.12903e-08    5.52336e-08
        263.027      0.0114963    0.000114963    1.14963e-06    1.20464e-08    5.55506e-08
        269.153      0.0122366    0.000122366    1.22366e-06    1.27868e-08    5.57065e-08
        275.423      0.0129665    0.000129665    1.29665e-06    1.35151e-08    5.56888e-08
        281.838      0.0136892    0.000136892    1.36892e-06    1.42343e-08    5.54848e-08
        288.403      0.0144072    0.000144072    1.44071e-06    1.49468e-08    5.50821e-08
        295.121      0.0151224    0.000151224    1.51224e-06    1.56545e-08    5.44683e-08
        301.995      0.0158369    0.000158369    1.58368e-06    1.63592e-08     5.3632e-08
         309.03      0.0165519    0.000165519    1.65518e-06    1.70623e-08    5.25626e-08
        316.228       0.017269     0.00017269    1.72689e-06     1.7765e-08    5.12517e-08
        323.594      0.0179892    0.000179892    1.79891e-06    1.84686e-08    4.96942e-08
        331.131      0.0187137    0.000187137    1.87136e-06    1.91739e-08    4.78902e-08
        338.844      0.0194435    0.000194435    1.94433e-06    1.98823e-08     4.5848e-08
        346.737      0.0201793    0.000201793    2.01792e-06    2.05946e-08    4.35893e-08
        354.813      0.0209221    0.000209221     2.0922e-06    2.13123e-08    4.11556e-08
        363.078      0.0216727    0.000216727    2.16725e-06    2.20369e-08    3.86197e-08
        371.535      0.0224317    0.000224317    2.24316e-06    2.27703e-08    3.61032e-08
        380.189      0.0231999    0.000231999    2.31997e-06    2.35152e-08    3.38043e-08
        389.045       0.023978     0.00023978    2.39778e-06    2.42757e-08    3.20428e-08
        398.107      0.0247665    0.000247665    2.47663e-06    2.50574e-08    3.13343e-08
         407.38      0.0255661    0.000255661    2.55659e-06    2.58758e-08    3.31435e-08
        416.869      0.0263775    0.000263775    2.63773e-06    2.68558e-08    5.00488e-08
         426.58      0.0272012    0.000272012    2.72009e-06    2.79987e-08    8.21177e-08
        436.516      0.0280378    0.000280378    2.80375e-06    2.92591e-08    1.24585e-07
        446.684      0.0288879    0.000288879    2.88875e-06    3.06207e-08    1.75531e-07
        457.088      0.0297521    0.000297521    2.97516e-06    3.21358e-08    2.39622e-07
        467.735      0.0306311    0.000306311    3.06304e-06    3.40233e-08    3.37363e-07
         478.63      0.0315254    0.000315254    3.15243e-06    3.69285e-08    5.29323e-07
        489.779       0.032436     0.00032436    3.24339e-06    4.26845e-08    9.85461e-07
        501.187      0.0333642    0.000333643    3.33598e-06    5.68892e-08    2.21106e-06
        512.861      0.0343127    0.000343132    3.43026e-06    9.97733e-08    5.93713e-06
        524.807      0.0352915    0.000352952    3.52627e-06    2.72595e-07    1.98058e-05
        537.032      0.0363607    0.000364271    3.62407e-06    1.65961e-06    9.58818e-05
        549.541      0.0378484    0.000496053    3.73374e-06    0.000127967    0.000679751
        562.341      0.0384054    0.000384455    3.82575e-06    2.35514e-06     0.00019043
         575.44      0.0393513    0.000393542    3.92921e-06    9.47744e-07    8.79495e-05
        588.844      0.0403811    0.000403813    4.03481e-06    6.20024e-07    5.78834e-05
         602.56      0.0414469    0.000414466    4.14254e-06    4.92932e-07    4.54809e-05
        616.595      0.0425395    0.000425391    4.25244e-06    4.33578e-07     3.9499e-05
        630.957      0.0436564    0.000436561    4.36459e-06    4.05137e-07    3.65348e-05
        645.654      0.0447974     0.00044797    4.47905e-06    3.94077e-07    3.52899e-05
        660.693      0.0459624     0.00045962    4.59591e-06    3.94735e-07    3.52096e-05
        676.083      0.0471518    0.000471515    4.71524e-06    4.04834e-07    3.60672e-05
        691.831      0.0483663     0.00048366    4.83715e-06    4.23993e-07    3.78214e-05
        707.946      0.0496065    0.000496062    4.96176e-06    4.53298e-07    4.05754e-05
        724.436      0.0508731    0.000508729    5.08923e-06    4.95464e-07    4.45909e-05
         741.31      0.0521671    0.000521669    5.21979e-06    5.55513e-07    5.03532e-05
        758.578      0.0534895    0.000534895     5.3538e-06    6.42219e-07    5.87093e-05
        776.247      0.0548422    0.000548424    5.49182e-06    7.70906e-07    7.11335e-05
        794.328      0.0562278    0.000562284    5.63486e-06    9.68965e-07    9.02452e-05
        812.831       0.057651    0.000576525     5.7848e-06    1.28736e-06    0.000120878
        831.764      0.0591326    0.000591364    5.94981e-06    1.93586e-06    0.000182945
        851.138      0.0607489    0.000607617    6.15954e-06    3.64598e-06    0.000345164
        870.964      0.0626494    0.000626944    6.47344e-06    7.84619e-06    0.000736532
        891.251      0.0652638    0.000654463    7.07301e-06     1.8842e-05     0.00172479
        912.011      0.0701372    0.000711485    8.70869e-06     5.4215e-05      0.0046387
        933.254      0.0846999    0.000958923    1.70321e-05    0.000244317      0.0162145
        954.993       0.146744      0.0166526    0.000733979      0.0133398       0.077746
        977.237       0.114976     0.00163876    3.90561e-05    0.000712293       0.038174
           1000      0.0915513    0.000965693    1.54314e-05    0.000181076      0.0150488
        1023.29      0.0849525    0.000862823    1.15313e-05    9.02384e-05     0.00822097
        1047.13       0.083142    0.000836941    1.02391e-05    5.76408e-05     0.00541896
        1071.52      0.0830802    0.000833762    9.70372e-06    4.18121e-05     0.00398533
        1096.48      0.0838181    0.000840044    9.47657e-06    3.27279e-05     0.00314103
        1122.02      0.0849884     0.00085119    9.40236e-06    2.69298e-05     0.00259418
        1148.15      0.0865175    0.000866203    9.47782e-06     2.5374e-05     0.00245354
         1174.9      0.0883357    0.000884273     9.6964e-06    2.87373e-05     0.00279306
        1202.26      0.0903157     0.00090404    9.99672e-06     3.5254e-05     0.00344261
        1230.27       0.092396    0.000924851    1.03469e-05    4.39616e-05     0.00430874
        1258.93      0.0945523    0.000946446    1.07314e-05    5.43357e-05     0.00534021
        1288.25       0.096771    0.000968678    1.11406e-05    6.60425e-05     0.00650432
        1318.26      0.0990415    0.000991131     1.1444e-05    7.58004e-05     0.00748043
        1348.96        0.10136     0.00101432    1.18639e-05    8.87729e-05     0.00877193
        1380.38       0.103725     0.00103797    1.22941e-05    0.000102527      0.0101418
        1412.54       0.106136     0.00106209    1.27334e-05    0.000116998      0.0115835
        1445.44       0.108595     0.00108668    1.31812e-05    0.000132139      0.0130926
        1479.11       0.111104     0.00111177    1.36372e-05     0.00014792      0.0146659
        1513.56       0.113665     0.00113738    1.41014e-05    0.000164318      0.0163012
        1548.82       0.116279     0.00116352    1.45743e-05    0.000181342      0.0179994
        1584.89       0.118955     0.00119029    1.50798e-05    0.000200692      0.0199298
        1621.81       0.121696     0.00121771    1.56279e-05    0.000223162      0.0221716
        1659.59       0.124501     0.00124578    1.62158e-05    0.000248614      0.0247112
        1698.24       0.127372     0.00127452    1.68539e-05    0.000277957      0.0276395
         1737.8       0.130311     0.00130394     1.7541e-05    0.000311158      0.0309531
        1778.28       0.133318     0.00133404    1.82729e-05    0.000347943      0.0346249
         1819.7       0.136395     0.00136483    1.90464e-05    0.000388086      0.0386324
        1862.09       0.139544     0.00139635    1.98591e-05    0.000431392      0.0429561
        1905.46       0.142767      0.0014286    2.07091e-05    0.000477696      0.0475797
        1949.84       0.146066     0.00146162     2.1595e-05    0.000526859      0.0524892
        1995.26       0.149454     0.00149554    2.25504e-05    0.000581261      0.0579217
        2041.74       0.152944     0.00153048     2.3618e-05    0.000644035      0.0641896
         2089.3       0.156535     0.00156645    2.47987e-05    0.000715407      0.0713154
        2137.96       0.160231     0.00160348    2.61077e-05    0.000796686        0.07943
        2187.76       0.164032     0.00164157    2.75379e-05    0.000887367      0.0884832
        2238.72       0.167943     0.00168076    2.90834e-05     0.00098693      0.0984228
        2290.87       0.171969     0.00172112    3.07405e-05     0.00109492       0.109204
        2344.23       0.176123     0.00176277    3.25093e-05     0.00121094       0.120786
        2398.83       0.180428     0.00180594     3.4395e-05     0.00133466       0.133134
        2454.71        0.18493     0.00185111    3.64147e-05     0.00146578        0.14622
        2511.89        0.18977      0.0018997    3.86345e-05     0.00160466       0.160072
         2570.4       0.195917     0.00196156    4.14753e-05     0.00175239       0.174767
        2630.27       0.199993     0.00200234    4.34551e-05     0.00190745       0.190275
        2691.53       0.204188      0.0020443    4.55112e-05     0.00207036       0.206569
        2754.23       0.208503     0.00208746    4.76438e-05     0.00224086       0.223624
        2818.38        0.21294     0.00213183    4.98516e-05     0.00241878       0.241421
        2884.03         0.2175     0.00217744    5.21334e-05     0.00260392       0.259943
        2951.21       0.222187      0.0022243    5.44914e-05     0.00279636       0.279194
        3019.95        54.4919       0.545078     0.00569495      0.0088304        0.86179
         3090.3         58.658       0.586741      0.0061169     0.00915307       0.893426
        3162.28        62.7094       0.627257     0.00652748     0.00948782       0.926282
        3235.94        66.6769       0.666934     0.00692993     0.00983757       0.960635
        3311.31        70.5835       0.706003     0.00732661      0.0102041       0.996654
        3388.44        74.4531       0.744702     0.00772048      0.0105994         1.0355
        3467.37        78.2937       0.783112     0.00811183      0.0110149        1.07635
        3548.13        82.1091       0.821268     0.00850034      0.0114357        1.11777
        3630.78        101.372         1.0139      0.0104339      0.0118901        1.16099
        3715.35        112.241         1.1226      0.0115295      0.0123803        1.20854
        3801.89         121.61        1.21629      0.0124753      0.0128894        1.25812
        3890.45        130.266        1.30285      0.0133501       0.013419        1.30981
        3981.07        138.514        1.38534      0.0141853      0.0139929         1.3659
         4073.8        146.501        1.46521      0.0149951      0.0145986        1.42516
        4168.69        154.317        1.54338      0.0157885      0.0152401        1.48798
         4265.8        162.023        1.62044      0.0165716      0.0159174        1.55436
        4365.16        169.661        1.69683      0.0173488      0.0166366        1.62489
        4466.84        177.264        1.77287      0.0181235      0.0174025        1.70004
        4570.88        184.859        1.84883      0.0188986      0.0182246        1.78075
        4677.35        192.468        1.92492      0.0196767      0.0191168        1.86837
         4786.3        200.101        2.00126      0.0204579      0.0200556        1.96062
        4897.79        207.772        2.07798      0.0212439      0.0210461          2.058
        5011.87        215.524        2.15551      0.0220435      0.0222392        2.17528
        5128.61        223.331         2.2336      0.0228488      0.0234718        2.29653
        5248.07        231.204        2.31234       0.023661      0.0247468        2.42201
        5370.32        239.161        2.39192      0.0244834      0.0261179        2.55702
        5495.41         247.21        2.47243      0.0253172      0.0275957        2.70259
        5623.41        255.366          2.554      0.0261648      0.0292289         2.8635
         5754.4        263.633        2.63669      0.0270269       0.031027        3.04074
        5888.44        272.016        2.72054      0.0279037      0.0329889        3.23419
         6025.6        280.522        2.80562      0.0287963      0.0351373        3.44613
        6165.95        289.159        2.89201      0.0297062      0.0375103        3.68031
        6309.57         297.94        2.97984      0.0306367      0.0402026        3.94609
        6456.54        306.863        3.06911      0.0315872      0.0432033        4.24246
        6606.93        315.937        3.15988      0.0325592      0.0465699         4.5751
        6760.83        325.167        3.25221      0.0335545      0.0503764        4.95139
        6918.31         334.56        3.34618      0.0345757      0.0547349        5.38246
        7079.46        344.124        3.44186      0.0356261      0.0597964         5.8833
        7244.36        353.863         3.5393      0.0367084      0.0657301        6.47078
         7413.1        363.783        3.63856      0.0378276      0.0728184        7.17298
        7585.78        373.891        3.73971       0.038991      0.0815043        8.03398
        7762.47        384.193        3.84281      0.0402101      0.0925466        9.12932
        7943.28        394.696        3.94793      0.0415072       0.107431        10.6069
        8128.31         405.42        4.05531      0.0429457       0.130307        12.8797
        8317.64        416.359        4.16496      0.0447766       0.179406        17.7639
        8511.38         427.52        4.27753       0.101869        5.73685        573.467
        8709.64         438.91         4.3918       0.132228        8.64992        864.764
        8912.51        450.534        4.50833       0.155731        10.8783        1087.59
        9120.11          462.4        4.62722       0.176126        12.7952        1279.28
        9332.54        474.516        4.74858        0.19471        14.5296        1452.72
        9549.93        486.888        4.87248       0.212116        16.1445        1614.21
        9772.37        499.533        4.99911       0.228716        17.6765         1767.4
