            100    2.87329e-10    3.92397e-12    2.18308e-11    2.11179e-09    2.09546e-07
        102.329    1.65266e-10    2.55844e-12    2.25697e-11    2.19984e-09    2.18004e-07
        104.713    5.80072e-11    1.25061e-12    2.33427e-11    2.29816e-09    2.27373e-07
        107.152    4.24074e-12    3.41966e-13    2.41521e-11    2.40982e-09    2.37905e-07
        109.648    8.07918e-11    5.27994e-13        2.5e-11    2.53945e-09    2.49969e-07
        112.202    4.41521e-10    3.22701e-12     2.5889e-11    2.69432e-09    2.64125e-07
        114.815    1.40392e-09    1.14092e-11    2.68215e-11    2.88651e-09    2.81275e-07
         117.49    3.65753e-09    3.16165e-11    2.78004e-11     3.1377e-09    3.02954e-07
        120.226    8.81948e-09    7.94403e-11    2.88288e-11     3.4905e-09    3.31986e-07
        123.027    2.11314e-08    1.96731e-10    2.99098e-11    4.04035e-09    3.74128e-07
        125.893    5.37284e-08    5.18582e-10    3.10471e-11    5.04586e-09    4.42858e-07
        128.825    1.59213e-07    1.64201e-09    3.22443e-11     7.4661e-09    5.76756e-07
        131.826    6.52601e-07    8.71169e-09    3.35057e-11    1.81367e-08      9.265e-07
        134.896    4.04912e-06    2.35096e-06    3.48357e-11    2.22794e-06    2.39368e-06
        138.038    1.13404e-06    1.73837e-08    3.62392e-11    1.17425e-08    1.82107e-06
        141.254     4.7619e-07    5.41901e-09    3.77213e-11    3.77346e-09    5.02064e-07
        144.544    2.83839e-07    3.01596e-09    3.92879e-11    2.75616e-09    3.03596e-07
        147.911    2.03307e-07      2.108e-09    4.09452e-11    2.57689e-09    2.64403e-07
        151.356    1.61945e-07    1.66136e-09    4.26999e-11    2.59879e-09    2.60348e-07
        154.882    1.37997e-07    1.40856e-09    4.45592e-11    2.68679e-09    2.66987e-07
        158.489    1.23102e-07    1.25351e-09     4.6531e-11    2.80163e-09    2.77661e-07
        162.181    1.13464e-07    1.15417e-09    4.86235e-11    2.92983e-09    2.90175e-07
        165.959    1.07145e-07     1.0896e-09    5.08449e-11    3.06643e-09    3.03725e-07
        169.824    1.03066e-07    1.04829e-09     5.3203e-11    3.20965e-09    3.18014e-07
         173.78    1.00582e-07    1.02346e-09    5.57027e-11    3.35894e-09    3.32933e-07
        177.828    9.92915e-08     1.0109e-09    5.83423e-11    3.51396e-09    3.48429e-07
         181.97    9.89287e-08    1.00784e-09    6.10988e-11    3.67368e-09    3.64389e-07
        186.209    9.93152e-08    1.01238e-09    6.38771e-11    3.83372e-09    3.80383e-07
        190.546    1.00326e-07    1.02296e-09     6.6145e-11    3.96917e-09    3.93969e-07
        194.984    1.01873e-07    1.03924e-09     6.8638e-11    4.10734e-09    4.07807e-07
        199.526    1.03894e-07    1.06213e-09    7.45427e-11    4.40199e-09    4.36969e-07
        204.174    1.06339e-07    1.08999e-09    8.20826e-11    4.78349e-09    4.74705e-07
         208.93    1.09173e-07    1.12334e-09     9.3493e-11    5.38243e-09    5.33921e-07
        213.796    1.12392e-07    3.54376e-09    2.38267e-07     2.3822e-05      0.0023822
        218.776    1.15935e-07    5.35473e-09     4.1579e-07    4.15742e-05     0.00415742
        223.872     1.1979e-07    6.66216e-09    5.42635e-07    5.42585e-05     0.00542585
        229.087    1.23943e-07    7.77208e-09    6.49421e-07    6.49371e-05     0.00649371
        234.423    1.28379e-07    8.77294e-09     7.4501e-07    7.44959e-05     0.00744959
        239.883    1.33082e-07     9.7049e-09    8.33435e-07    8.33382e-05     0.00833382
        245.471    1.38035e-07    1.05902e-08    9.16931e-07    9.16877e-05     0.00916877
        251.189    1.43218e-07    1.14425e-08    9.96895e-07     9.9684e-05     0.00996839
         257.04    1.48607e-07     1.2271e-08    1.07427e-06    0.000107421      0.0107421
        263.027    1.54176e-07    1.30821e-08    1.14972e-06    0.000114966      0.0114966
        269.153     1.5989e-07    1.38806e-08    1.22375e-06    0.000122369      0.0122369
        275.423    1.65709e-07    1.46699e-08    1.29674e-06    0.000129668      0.0129668
        281.838    1.71585e-07    1.54526e-08    1.36902e-06    0.000136895      0.0136895
        288.403    1.77457e-07    1.62306e-08    1.44081e-06    0.000144075      0.0144075
        295.121    1.83255e-07    1.70052e-08    1.51235e-06    0.000151228      0.0151228
        301.995    1.88891e-07    1.77775e-08    1.58379e-06    0.000158372      0.0158372
         309.03    1.94261e-07    1.85478e-08     1.6553e-06    0.000165523      0.0165523
        316.228    1.99242e-07    1.93162e-08    1.72701e-06    0.000172694      0.0172694
        323.594    2.03684e-07    2.00825e-08    1.79904e-06    0.000179896      0.0179896
        331.131    2.07411e-07     2.0846e-08    1.87149e-06    0.000187141      0.0187141
        338.844    2.10215e-07    2.16055e-08    1.94447e-06    0.000194439      0.0194439
        346.737    2.11853e-07    2.23594e-08    2.01806e-06    0.000201798      0.0201798
        354.813    2.12038e-07    2.31057e-08    2.09235e-06    0.000209226      0.0209226
        363.078    2.10443e-07    2.38419e-08    2.16741e-06    0.000216732      0.0216732
        371.535    2.06695e-07    2.45648e-08    2.24332e-06    0.000224322      0.0224322
        380.189    2.00381e-07    2.52709e-08    2.32014e-06    0.000232005      0.0232005
        389.045    1.91061e-07    2.59564e-08    2.39795e-06    0.000239786      0.0239785
        398.107    1.78297e-07    2.66172e-08    2.47681e-06    0.000247671      0.0247671
         407.38    1.61748e-07    2.72502e-08    2.55678e-06    0.000255668      0.0255668
        416.869    1.41466e-07    2.78559e-08    2.63792e-06    0.000263782      0.0263782
         426.58    1.17312e-07    2.84333e-08     2.7203e-06     0.00027202       0.027202
        436.516    9.11269e-08    2.90012e-08    2.80396e-06    0.000280387      0.0280387
        446.684    6.95413e-08    2.96263e-08    2.88897e-06    0.000288889      0.0288889
        457.088    6.93481e-08    3.04774e-08    2.97539e-06    0.000297532      0.0297532
        467.735    1.29832e-07     3.1951e-08    3.06327e-06    0.000306322      0.0306322
         478.63    3.43294e-07     3.4988e-08    3.15267e-06    0.000315266      0.0315266
        489.779      9.387e-07    4.19574e-08    3.24365e-06    0.000324371       0.032437
        501.187    2.54513e-06    5.95369e-08    3.33625e-06    0.000333651      0.0333648
        512.861    7.20306e-06    1.10476e-07    3.43055e-06    0.000343132      0.0343124
        524.807    2.35865e-05    3.03438e-07     3.5266e-06    0.000352932      0.0352886
        537.032    0.000109397    1.75645e-06    3.62453e-06    0.000364186      0.0363479
        549.541    0.000631177    0.000124862    3.73206e-06     0.00049916      0.0378975
        562.341    0.000165086    2.11312e-06    3.82579e-06    0.000384706      0.0384315
         575.44    7.10314e-05    7.83523e-07    3.92933e-06    0.000393716       0.039369
        588.844    4.30721e-05    4.73925e-07    4.03496e-06    0.000403968      0.0403968
         602.56    3.09964e-05    3.49077e-07    4.14268e-06    0.000414618      0.0414622
        616.595    2.45345e-05     2.8447e-07    4.25258e-06    0.000425547      0.0425551
        630.957    2.05685e-05    2.45757e-07    4.36471e-06    0.000436726       0.043673
        645.654    1.78845e-05    2.20126e-07    4.47914e-06    0.000448148      0.0448152
        660.693    1.59283e-05    2.01863e-07    4.59595e-06    0.000459815      0.0459818
        676.083    1.44236e-05    1.88166e-07    4.71522e-06     0.00047173      0.0471733
        691.831     1.3236e-05    1.77693e-07    4.83705e-06    0.000483901      0.0483904
        707.946    1.23267e-05     1.7009e-07    4.96156e-06    0.000496334      0.0496337
        724.436    1.17532e-05    1.65989e-07     5.0889e-06     0.00050904      0.0509042
         741.31    1.17111e-05    1.67459e-07    5.21929e-06     0.00052203       0.052203
        758.578    1.26398e-05    1.79109e-07    5.35306e-06    0.000535319      0.0535318
        776.247    1.54478e-05    2.10467e-07    5.49077e-06    0.000548929      0.0548925
        794.328    2.19895e-05    2.81039e-07    5.63338e-06    0.000562895      0.0562886
        812.831    3.61052e-05    4.31493e-07    5.78273e-06    0.000577273      0.0577254
        831.764    7.75911e-05    8.70487e-07    5.94691e-06    0.000592279      0.0592234
        851.138    0.000221747    2.40055e-06    6.15541e-06    0.000608648      0.0608519
        870.964    0.000616362    6.66753e-06    6.46739e-06    0.000627809      0.0627399
        891.251     0.00168905     1.8761e-05    7.06365e-06    0.000654061      0.0652548
        912.011     0.00498076    5.99319e-05    8.69272e-06    0.000704946       0.069723
        933.254      0.0179126    0.000290853    1.69976e-05    0.000910617       0.082873
        954.993       0.078274      0.0159624    0.000733687      0.0140172       0.145995
        977.237      0.0450521    0.000940232    3.91188e-05     0.00141403       0.108307
           1000      0.0198883    0.000249259    1.54643e-05    0.000899194      0.0868593
        1023.29       0.011526     0.00012868    1.15556e-05    0.000825628       0.081764
        1047.13     0.00792037    8.48275e-05    1.02595e-05    0.000810804      0.0807409
        1071.52     0.00602729    6.33286e-05    9.72218e-06    0.000813191      0.0811295
        1096.48     0.00489512    5.09078e-05     9.4939e-06    0.000822751      0.0821501
        1122.02     0.00415482    4.29472e-05    9.41909e-06    0.000836028      0.0835111
        1148.15     0.00373142    3.84363e-05     9.4943e-06    0.000853984      0.0853218
         1174.9     0.00355388    3.65501e-05    9.71287e-06    0.000877302      0.0876571
        1202.26     0.00349374    3.59176e-05    1.00134e-05    0.000904227      0.0903478
        1230.27     0.00348835    3.58737e-05    1.03639e-05    0.000933807      0.0933013
        1258.93     0.00351227    3.61465e-05    1.07489e-05    0.000965527      0.0964675
        1288.25     0.00355063    3.65776e-05    1.11586e-05    0.000999064      0.0998148
        1318.26     0.00359186    3.67397e-05    1.14628e-05     0.00103115       0.103024
        1348.96     0.00363086    3.71337e-05    1.18835e-05     0.00106696       0.106599
        1380.38     0.00366471    3.74775e-05    1.23146e-05     0.00110406       0.110304
        1412.54     0.00369244    3.77609e-05     1.2755e-05     0.00114242       0.114135
        1445.44     0.00371405    3.79832e-05    1.32039e-05     0.00118199       0.118088
        1479.11     0.00373006    3.81495e-05    1.36612e-05     0.00122277        0.12216
        1513.56     0.00374127    3.82674e-05    1.41268e-05     0.00126472       0.126352
        1548.82     0.00374867     3.8347e-05    1.46013e-05      0.0013079       0.130665
        1584.89      0.0037586     3.8458e-05    1.51085e-05     0.00135399        0.13527
        1621.81     0.00377255    3.86169e-05    1.56585e-05     0.00140382       0.140248
        1659.59     0.00378898    3.88062e-05    1.62484e-05     0.00145726       0.145586
        1698.24     0.00380868    3.90311e-05    1.68888e-05     0.00151523       0.151377
         1737.8     0.00383098    3.92837e-05    1.75783e-05     0.00157772        0.15762
        1778.28     0.00385539    3.95584e-05    1.83129e-05     0.00164447       0.164288
         1819.7     0.00388194     3.9855e-05    1.90894e-05     0.00171526       0.171361
        1862.09     0.00391101    4.01773e-05    1.99054e-05     0.00178993       0.178821
        1905.46     0.00394334    4.05322e-05     2.0759e-05     0.00186831       0.186653
        1949.84     0.00397992    4.09298e-05    2.16488e-05      0.0019503       0.194845
        1995.26     0.00403162    4.14849e-05    2.26087e-05     0.00203828       0.203636
        2041.74     0.00410966    4.23164e-05    2.36811e-05     0.00213542        0.21334
         2089.3     0.00421216    4.34045e-05    2.48672e-05     0.00224195       0.223981
        2137.96     0.00434065     4.4765e-05    2.61822e-05      0.0023592       0.235693
        2187.76     0.00449484    4.63935e-05    2.76192e-05     0.00248669       0.248427
        2238.72     0.00467699    4.83115e-05    2.91722e-05     0.00262391       0.262133
        2290.87      0.0048929     5.0577e-05    3.08381e-05     0.00277044       0.276767
        2344.23     0.00515401    5.33058e-05    3.26169e-05      0.0029259       0.292293
        2398.83     0.00548268    5.67247e-05    3.45144e-05     0.00308997       0.308677
        2454.71     0.00592794    6.13322e-05    3.65487e-05     0.00326239       0.325892
        2511.89     0.00663814    6.86369e-05    3.87879e-05     0.00344354       0.343971
         2570.4     0.00864761     8.9151e-05    4.16663e-05     0.00363454       0.362992
        2630.27     0.00834149    8.61164e-05    4.36551e-05     0.00383387       0.382926
        2691.53     0.00805211    8.32439e-05    4.57205e-05     0.00404209       0.403751
        2754.23     0.00777889    8.05286e-05     4.7863e-05     0.00425898       0.425445
        2818.38     0.00752149    7.79677e-05    5.00814e-05     0.00448437        0.44799
        2884.03     0.00727975      7.556e-05     5.2375e-05     0.00471813       0.471373
        2951.21     0.00705439    7.33136e-05    5.47461e-05     0.00496035       0.495602
        3019.95        54.2718       0.542877     0.00569522      0.0110454         1.0833
         3090.3        58.4327       0.584489     0.00611718      0.0114203        1.12015
        3162.28        62.4788       0.624952     0.00652778      0.0118085        1.15836
        3235.94         66.441       0.664576     0.00693026      0.0122132         1.1982
        3311.31        70.3421       0.703589     0.00732696       0.012636        1.23985
        3388.44        74.2061       0.742233     0.00772087      0.0130892        1.28449
        3467.37         78.041       0.780584     0.00811227      0.0135645        1.33132
        3548.13        81.8505       0.818683     0.00850089      0.0140493        1.37913
        3630.78        85.6514        0.85671      0.0104346       0.169118        16.8853
        3715.35        89.4634       0.894841      0.0115302       0.240172          23.99
        3801.89        93.2819       0.933035       0.012476       0.296179        29.5899
        3890.45        97.1133       0.971359      0.0133508       0.344948         34.466
        3981.07        100.972        1.00996      0.0141861       0.389413        38.9117
         4073.8        104.858        1.04882      0.0149959       0.431028        43.0723
        4168.69        108.775          1.088      0.0157893       0.470656        47.0341
         4265.8        112.728        1.12754      0.0165724       0.508852        50.8527
        4365.16        116.722         1.1675      0.0173496       0.546008        54.5673
        4466.84        120.762         1.2079      0.0181243       0.582408        58.2062
        4570.88        124.852        1.24882      0.0188994       0.618275        61.7918
        4677.35        128.999        1.29029      0.0196775       0.653789        65.3419
         4786.3        133.198         1.3323      0.0204587       0.689061        68.8678
        4897.79        137.453        1.37487      0.0212447       0.724205        72.3809
        5011.87        141.798        1.41833      0.0220443       0.759465        75.9052
        5128.61        146.199        1.46235      0.0228496       0.794757        79.4327
        5248.07         150.66        1.50697      0.0236618       0.830152        82.9706
        5370.32        155.192        1.55231      0.0244843       0.865766        86.5302
        5495.41        159.799        1.59841       0.025318       0.901662        90.1179
        5623.41         164.49        1.64533      0.0261656       0.937938        93.7435
         5754.4        169.266        1.69311      0.0270278       0.974649        97.4124
        5888.44        174.126        1.74174      0.0279046        1.01183        101.129
         6025.6        179.075        1.79125      0.0287971        1.04956        104.898
        6165.95        184.115        1.84168       0.029707        1.08789        108.728
        6309.57        189.258        1.89313      0.0306376        1.12696        112.632
        6456.54        194.498        1.94557       0.031588        1.16679        116.612
        6606.93         199.84        1.99902        0.03256        1.20747        120.676
        6760.83        205.286        2.05353      0.0335553         1.2491        124.836
        6918.31        210.842        2.10913      0.0345765        1.29183        129.104
        7079.46        216.511        2.16586      0.0356269        1.33583          133.5
        7244.36        222.295        2.22376      0.0367092        1.38131        138.042
         7413.1        228.198        2.28285      0.0378284        1.42857        142.762
        7585.78        234.223        2.34317      0.0389917        1.47808        147.705
        7762.47        240.374        2.40477      0.0402109        1.53063        152.952
        7943.28        246.655        2.46767       0.041508        1.58773        158.652
        8128.31        253.083         2.5321      0.0429464        1.65356         165.22
        8317.64         259.65        2.59803      0.0447773        1.74637        174.476
        8511.38        266.361         2.6661        0.10187        7.34833        734.631
        8709.64        273.217        2.73505       0.132229        10.3067        1030.46
        8912.51        280.224         2.8054       0.155732        12.5812        1257.91
        9120.11        287.387        2.87726       0.176127        14.5452        1454.29
        9332.54        294.708        2.95068       0.194711        16.3276        1632.53
        9549.93        302.194        3.02572       0.212117        17.9914        1798.91
        9772.37        309.858        3.10254       0.228717        19.5731        1957.08
